3.485156921669840813e-03
5.180678330361843109e-03
0.000000000000000000e+00
0.000000000000000000e+00
1.299644857645034790e-01
1.485745608806610107e-02
2.433147840201854706e-02
1.734322309494018555e-01
3.488792863208800554e-04
2.343524975003674626e-04
1.168143972754478455e-01
4.353693127632141113e-02
1.119122654199600220e-02
4.096035845577716827e-03
1.244617719203233719e-02
0.000000000000000000e+00
1.588326692581176758e-01
2.693510055541992188e-02
7.560948870377615094e-05
6.694764015264809132e-04
2.211406390415504575e-04
1.450907438993453979e-01
4.392612027004361153e-05
0.000000000000000000e+00
6.514630746096372604e-03
7.605784386396408081e-02
1.809341483749449253e-03
7.242101710289716721e-03
0.000000000000000000e+00
0.000000000000000000e+00
7.801884412765502930e-02
1.223208755254745483e-02
0.000000000000000000e+00
1.661048270761966705e-02
3.575059026479721069e-02
1.075502391904592514e-02
2.138529525836929679e-04
6.113369390368461609e-02
7.184921950101852417e-02
7.000826299190521240e-02
4.226747259963303804e-04
3.193872282281517982e-03
6.999827176332473755e-02
2.178352624177932739e-01
1.895590275526046753e-01
0.000000000000000000e+00
5.960784852504730225e-02
2.250120788812637329e-02
6.631626281887292862e-03
3.377478788024745882e-05
0.000000000000000000e+00
3.422381356358528137e-02
2.020718420681077987e-05
0.000000000000000000e+00
0.000000000000000000e+00
6.893983576446771622e-03
0.000000000000000000e+00
0.000000000000000000e+00
3.554837312549352646e-04
0.000000000000000000e+00
1.071802107617259026e-04
6.687045097351074219e-03
4.910957159154349938e-06
8.916533552110195160e-03
2.422720752656459808e-02
0.000000000000000000e+00
1.221082434058189392e-01
3.839059791062027216e-04
0.000000000000000000e+00
2.214188687503337860e-02
1.649506972171366215e-03
9.467118978500366211e-02
0.000000000000000000e+00
1.673464328050613403e-01
1.087261131033301353e-03
2.883908164221793413e-04
0.000000000000000000e+00
2.060444466769695282e-02
0.000000000000000000e+00
1.121300552040338516e-02
9.182656183838844299e-03
4.661668557673692703e-03
1.786554455757141113e-01
1.391431689262390137e-01
0.000000000000000000e+00
7.245449814945459366e-03
5.211337283253669739e-02
6.365934759378433228e-02
2.302282518940046430e-04
8.688702434301376343e-02
1.468240767717361450e-01
1.596641377545893192e-04
6.368762697093188763e-04
0.000000000000000000e+00
1.909994025481864810e-04
0.000000000000000000e+00
1.133953500539064407e-02
0.000000000000000000e+00
1.446712482720613480e-02
4.759112198371440172e-04
0.000000000000000000e+00
0.000000000000000000e+00
2.317394018173217773e-01
7.134937494993209839e-02
1.902934908866882324e-02
8.344057947397232056e-02
3.291504085063934326e-02
5.047998949885368347e-02
3.585516475141048431e-03
9.548693895339965820e-02
0.000000000000000000e+00
1.296362373977899551e-03
1.985106355277821422e-04
9.556125849485397339e-02
9.986672550439834595e-03
0.000000000000000000e+00
8.966121822595596313e-05
1.819013617932796478e-02
1.462051272392272949e-01
0.000000000000000000e+00
9.311980009078979492e-02
1.164544895291328430e-01
2.115104161202907562e-02
9.950368851423263550e-02
1.145666241645812988e-01
5.718902871012687683e-02
9.552785195410251617e-03
1.189151331782341003e-01
8.719354867935180664e-02
8.338474435731768608e-05
0.000000000000000000e+00
4.645757508114911616e-05
1.985682696104049683e-01
2.767498604953289032e-02
5.139464512467384338e-02
1.671042293310165405e-01
7.135498453862965107e-04
0.000000000000000000e+00
5.613401532173156738e-03
0.000000000000000000e+00
0.000000000000000000e+00
0.000000000000000000e+00
6.508714705705642700e-02
2.777191251516342163e-02
3.725937381386756897e-02
9.060292504727840424e-03
5.238759890198707581e-02
0.000000000000000000e+00
1.384088546037673950e-01
5.087232682853937149e-03
1.282836217433214188e-02
2.878300729207694530e-04
0.000000000000000000e+00
3.043334186077117920e-02
9.256956218450795859e-06
9.714958816766738892e-02
3.041963100258726627e-05
0.000000000000000000e+00
8.217152953147888184e-02
6.564814597368240356e-02
5.543935913010500371e-05
7.760917395353317261e-02
1.082694754004478455e-01
2.780511043965816498e-03
1.090130303055047989e-02
1.611811295151710510e-02
1.126632317900657654e-01
3.647574037313461304e-02
1.098266243934631348e-01
1.279866546392440796e-01
6.978068995522335172e-05
0.000000000000000000e+00
8.873947896063327789e-03
3.071823448408395052e-04
0.000000000000000000e+00
3.798659017775207758e-04
2.532905898988246918e-02
2.354834042489528656e-02
8.779582567512989044e-04
3.271421790122985840e-02
7.659280300140380859e-02
8.424200862646102905e-02
1.023359894752502441e-01
1.106431782245635986e-01
5.938956514000892639e-03
0.000000000000000000e+00
6.152947898954153061e-03
3.081916458904743195e-02
0.000000000000000000e+00
8.629474323242902756e-04
0.000000000000000000e+00
9.105703793466091156e-03
0.000000000000000000e+00
1.317713689059019089e-02
0.000000000000000000e+00
8.838734174787532538e-06
9.693139791488647461e-02
1.271191984415054321e-01
1.951815560460090637e-03
1.964211463928222656e-01
7.059391587972640991e-02
1.694180923550447915e-06
4.247502365615218878e-04
6.014964077621698380e-03
0.000000000000000000e+00
0.000000000000000000e+00
9.994859574362635612e-04
1.310710906982421875e-01
5.860686767846345901e-03
0.000000000000000000e+00
5.186166381463408470e-04
1.986530236899852753e-02
9.832148998975753784e-02
1.318094283342361450e-01
1.162994408332451712e-06
1.230002817464992404e-05
0.000000000000000000e+00
3.008085303008556366e-03
1.097007095813751221e-01
4.021976608783006668e-03
4.635450895875692368e-03
1.618872047401964664e-03
8.870983123779296875e-02
0.000000000000000000e+00
6.792824715375900269e-03
4.724383726716041565e-02
7.772513199597597122e-03
4.837199579924345016e-03
0.000000000000000000e+00
0.000000000000000000e+00
4.598747473210096359e-03
2.396156742179300636e-05
3.475082293152809143e-02
0.000000000000000000e+00
3.786871820921078324e-05
7.681988179683685303e-03
1.405978202819824219e-01
2.798609435558319092e-02
1.058738455176353455e-01
1.398699432611465454e-01
5.355220660567283630e-02
8.426458574831485748e-03
1.552212597744073719e-05
1.003954093903303146e-02
0.000000000000000000e+00
4.411612823605537415e-02
4.116490017622709274e-03
5.894969799555838108e-04
1.145541295409202576e-01
0.000000000000000000e+00
0.000000000000000000e+00
4.553372785449028015e-02
2.887419896069332026e-06
1.535569899715483189e-04
9.108778089284896851e-02
4.152749478816986084e-02
