7.3405 112.9722 1.0
5.9249 163.2250 1.0
8.7561 219.8478 1.0
17.2495 298.4120 1.0
29.9896 362.8205 1.0
82.3658 421.5667 1.0
163.7611 469.6962 1.0
235.9553 495.8842 1.0
309.5650 494.4687 1.0
386.7136 454.1249 1.0
435.5508 397.5020 1.0
470.2323 324.6001 1.0
490.7581 241.0814 1.0
487.9269 188.7053 1.0
475.8946 132.0824 1.0
470.2323 95.2776 1.0
453.2454 61.3038 1.0
56.8855 69.7973 1.0
79.5346 57.0571 1.0
107.1383 45.0248 1.0
134.0341 37.9469 1.0
168.7156 39.3625 1.0
271.3445 39.3625 1.0
291.8703 30.1613 1.0
317.3506 23.0834 1.0
335.0452 31.5768 1.0
361.9411 37.9469 1.0
226.7540 53.5182 1.0
226.7540 66.2583 1.0
226.7540 78.2907 1.0
226.7540 86.7841 1.0
224.6307 98.1087 1.0
236.6630 98.8165 1.0
251.5265 97.4009 1.0
258.6044 94.5698 1.0
269.2212 86.0763 1.0
89.4436 199.3220 1.0
109.9694 137.7447 1.0
177.2090 114.3878 1.0
226.0463 166.0561 1.0
204.8127 221.9712 1.0
143.2353 247.4515 1.0
283.3769 167.4717 1.0
291.8703 120.0501 1.0
342.1231 106.6021 1.0
373.2657 152.6082 1.0
360.5255 204.9843 1.0
318.0584 211.3544 1.0
114.9239 307.6132 1.0
145.3587 272.9317 1.0
197.7348 278.5940 1.0
249.4032 279.3018 1.0
296.1170 256.6527 1.0
340.7075 235.4191 1.0
375.3890 242.4970 1.0
378.9280 299.1198 1.0
335.7530 355.0349 1.0
275.5913 389.7164 1.0
211.1828 377.6840 1.0
148.8976 350.0804 1.0
120.5862 305.4899 1.0
156.6833 275.0551 1.0
252.9421 279.3018 1.0
312.3961 246.7437 1.0
373.2657 241.7892 1.0
359.1100 344.4181 1.0
272.0523 384.7619 1.0
175.0857 369.1906 1.0
