-0.8000 0.0927 -0.8557
-0.8051 0.2730 -0.8711
-0.7949 0.4762 -0.8871
-0.7644 0.7581 -0.8835
-0.7187 0.9892 -0.8138
-0.5308 1.2000 -0.6631
-0.2387 1.3727 -0.4768
0.0203 1.4667 -0.2967
0.2844 1.4616 -0.2114
0.5613 1.3168 -0.3033
0.7365 1.1137 -0.4839
0.8610 0.8521 -0.6684
0.9346 0.5524 -0.8159
0.9244 0.3644 -0.8807
0.8813 0.1613 -0.8824
0.8610 0.0292 -0.8666
0.8000 -0.0927 -0.8501
-0.6222 -0.0622 -0.0738
-0.5410 -0.1079 0.0527
-0.4419 -0.1511 0.1346
-0.3454 -0.1765 0.1808
-0.2210 -0.1714 0.1918
0.1473 -0.1714 0.1986
0.2210 -0.2044 0.1886
0.3124 -0.2298 0.1452
0.3759 -0.1994 0.0664
0.4724 -0.1765 -0.0619
-0.0127 -0.1206 0.1415
-0.0127 -0.0749 0.2018
-0.0127 -0.0317 0.2893
-0.0127 -0.0013 0.2894
-0.0203 0.0394 0.0735
0.0229 0.0419 0.1024
0.0762 0.0368 0.1173
0.1016 0.0267 0.1016
0.1397 -0.0038 0.0713
-0.5054 0.4025 -0.0058
-0.4317 0.1816 0.0834
-0.1905 0.0978 0.0888
-0.0152 0.2832 0.0487
-0.0914 0.4838 0.0764
-0.3124 0.5752 0.0570
0.1905 0.2883 0.0574
0.2210 0.1181 0.0997
0.4013 0.0698 0.0966
0.5130 0.2349 0.0058
0.4673 0.4229 0.0661
0.3149 0.4457 0.0849
-0.4140 0.7911 -0.1399
-0.3048 0.7359 0.0106
-0.1168 0.7759 0.1013
0.0686 0.7886 0.1112
0.2362 0.6965 0.1024
0.3962 0.5892 0.0080
0.5206 0.5575 -0.1486
0.5333 0.7006 -0.0193
0.3784 0.8686 0.0498
0.1625 0.9817 0.0609
-0.0686 0.9492 0.0515
-0.2921 0.8708 -0.0166
-0.3937 0.7835 -0.1429
-0.2377 0.8094 0.0396
0.1087 0.8409 0.0642
0.3617 0.7129 0.0391
0.5130 0.5549 -0.1528
0.4019 0.7339 0.0391
0.1252 0.8636 0.0642
-0.2219 0.8297 0.0396
