21 29 38
29 21 28
51 47 52
47 51 42
56 1 57
1 56 0
1 0 37
57 1 2
2 1 36
54 9 8
9 54 53
57 4 58
4 57 3
36 57 2
57 36 3
18 37 17
37 18 19
4 3 48
36 41 48
41 36 37
58 5 6
5 58 4
5 4 48
40 50 49
50 40 51
58 6 59
6 5 55
42 40 39
40 42 51
59 6 7
7 6 54
17 37 0
7 8 59
8 7 54
60 59 8
60 8 9
38 30 31
30 38 29
60 10 11
10 60 9
10 9 53
28 21 27
60 11 61
11 10 53
61 11 12
12 11 52
20 38 19
38 20 21
61 13 62
13 61 12
13 12 52
62 13 14
14 13 45
29 33 30
33 29 34
62 14 15
15 14 45
1 37 36
15 16 62
16 15 45
62 16 26
28 34 29
34 28 35
17 0 56
30 32 31
32 30 33
18 17 56
19 56 20
56 19 18
22 28 27
28 22 35
20 56 63
21 63 27
63 21 20
63 22 27
22 63 23
23 63 24
23 25 35
25 23 24
22 23 35
62 26 24
63 62 24
16 45 44
25 24 26
16 44 26
25 26 44
19 38 37
39 43 42
43 39 33
55 5 48
11 53 52
39 32 33
32 39 31
54 6 55
41 37 40
38 39 40
39 38 31
13 52 46
43 33 34
43 34 35
45 43 44
43 45 42
35 44 43
44 35 25
3 36 48
37 38 40
47 42 45
49 41 40
41 49 48
55 50 54
50 55 49
13 46 45
47 45 46
47 46 52
49 55 48
52 53 51
50 51 53
50 53 54
