-0.8000 -0.0015 -0.8557
-0.8000 0.1963 -0.8711
-0.8000 0.4236 -0.8871
-0.7970 0.6362 -0.8835
-0.7911 0.8841 -0.8138
-0.6908 1.1616 -0.6631
-0.5166 1.4066 -0.4768
-0.3159 1.6192 -0.2967
-0.0030 1.7166 -0.2114
0.2391 1.6812 -0.3033
0.4871 1.4450 -0.4839
0.6642 1.2177 -0.6684
0.7941 0.9018 -0.8159
0.8030 0.6775 -0.8807
0.8000 0.4354 -0.8824
0.8000 0.2081 -0.8666
0.8000 0.0015 -0.8501
-0.7469 -0.1343 -0.0738
-0.6524 -0.2878 0.0527
-0.4871 -0.3380 0.1346
-0.3483 -0.3173 0.1808
-0.2332 -0.2613 0.1918
0.2096 -0.2642 0.1986
0.3454 -0.3203 0.1886
0.4812 -0.3173 0.1452
0.6672 -0.2731 0.0664
0.7587 -0.1107 -0.0619
0.0000 0.0015 0.1415
0.0000 0.1491 0.2018
-0.0030 0.2790 0.2893
0.0030 0.4030 0.2894
-0.2185 0.5358 0.0735
-0.1004 0.5860 0.1024
0.0000 0.6066 0.1173
0.1004 0.5801 0.1016
0.2244 0.5328 0.0713
-0.6465 -0.0015 -0.0058
-0.5756 -0.1491 0.0834
-0.3218 -0.1432 0.0888
-0.2214 0.0044 0.0487
-0.3277 0.0015 0.0764
-0.5432 0.0044 0.0570
0.2125 -0.0015 0.0574
0.2982 -0.1314 0.0997
0.5756 -0.1432 0.0966
0.6494 -0.0044 0.0058
0.5697 -0.0015 0.0661
0.3011 -0.0015 0.0849
-0.3601 0.8723 -0.1399
-0.2244 0.8251 0.0106
-0.0856 0.7897 0.1013
0.0000 0.8192 0.1112
0.0797 0.7926 0.1024
0.2096 0.8221 0.0080
0.3572 0.8664 -0.1486
0.2125 0.9373 -0.0193
0.0886 0.9727 0.0498
0.0000 0.9786 0.0609
-0.0945 0.9668 0.0515
-0.2303 0.9314 -0.0166
-0.3546 0.8694 -0.1429
-0.1594 0.8694 0.0396
0.0000 0.8730 0.0642
0.1476 0.8712 0.0391
0.3458 0.8664 -0.1528
0.1476 0.8739 0.0391
0.0000 0.8749 0.0642
-0.1594 0.8728 0.0396
