253.9794 240.1855 1.0
253.9794 275.9435 1.0
253.9794 317.0385 1.0
254.5131 355.4650 1.0
255.5805 400.2959 1.0
273.7263 450.4639 1.0
305.2147 494.7611 1.0
341.5064 533.1876 1.0
398.0788 550.7997 1.0
441.8423 544.3953 1.0
486.6732 501.6992 1.0
518.6953 460.6042 1.0
542.1782 403.4981 1.0
543.7793 362.9368 1.0
543.2456 319.1733 1.0
543.2456 278.0783 1.0
543.2456 240.7192 1.0
263.5860 216.1689 1.0
280.6645 188.4164 1.0
310.5518 179.3435 1.0
335.6357 183.0794 1.0
356.4501 193.2198 1.0
436.5053 192.6861 1.0
461.0556 182.5457 1.0
485.6058 183.0794 1.0
519.2290 191.0850 1.0
535.7738 220.4385 1.0
398.6125 240.7192 1.0
398.6125 267.4043 1.0
398.0788 290.8871 1.0
399.1462 313.3026 1.0
359.1186 337.3192 1.0
380.4666 346.3921 1.0
398.6125 350.1280 1.0
416.7583 345.3247 1.0
439.1738 336.7855 1.0
281.7319 240.1855 1.0
294.5407 213.5004 1.0
340.4390 214.5678 1.0
358.5849 241.2529 1.0
339.3716 240.7192 1.0
300.4114 241.2529 1.0
437.0390 240.1855 1.0
452.5163 216.7026 1.0
502.6843 214.5678 1.0
516.0268 239.6518 1.0
501.6169 240.1855 1.0
453.0500 240.1855 1.0
333.5009 398.1611 1.0
358.0512 389.6219 1.0
383.1351 383.2175 1.0
398.6125 388.5545 1.0
413.0224 383.7512 1.0
436.5053 389.0882 1.0
463.1904 397.0937 1.0
437.0390 409.9026 1.0
414.6235 416.3070 1.0
398.6125 417.3744 1.0
381.5340 415.2396 1.0
356.9838 408.8352 1.0
334.5009 397.6274 1.0
369.7926 396.6274 1.0
398.6125 397.6948 1.0
425.2976 397.1611 1.0
461.1230 397.0937 1.0
425.2976 399.1611 1.0
398.6125 399.1611 1.0
369.7926 399.1611 1.0
