20 38 19
38 20 21
70 0 1
0 70 69
77 17 69
17 77 18
8 56 9
56 8 57
70 1 2
1 0 36
7 57 8
57 7 58
70 2 3
2 1 41
61 50 62
62 67 61
69 68 77
3 2 31
48 4 3
4 48 5
70 3 71
3 4 71
56 10 9
10 56 55
5 71 4
71 5 72
30 35 34
35 30 29
72 5 6
6 5 48
35 29 47
7 73 72
73 7 8
6 7 72
7 6 58
29 31 39
31 29 30
10 74 9
74 10 11
9 74 73
8 9 73
74 11 12
31 41 40
41 31 2
74 12 75
11 10 55
29 42 47
42 29 28
75 12 13
12 11 54
75 13 14
13 12 54
27 39 21
39 27 28
75 14 15
14 13 35
17 36 0
36 17 37
75 15 16
15 14 46
37 17 18
75 26 76
26 75 16
16 15 45
27 42 28
42 27 22
37 18 19
17 0 69
18 77 19
31 40 39
22 78 23
78 22 21
19 77 78
21 22 27
20 19 78
21 20 78
15 46 45
16 45 26
43 22 23
22 43 42
23 78 24
26 45 44
23 24 43
79 24 78
24 79 25
25 44 24
44 25 26
26 25 79
76 26 79
29 39 28
54 35 13
35 54 64
33 30 34
30 33 32
3 60 48
60 3 31
62 66 67
66 62 65
49 32 50
32 49 31
31 30 32
33 50 32
50 33 51
34 52 33
52 34 53
54 55 64
55 54 11
14 35 46
34 35 53
38 41 37
41 38 40
1 36 41
19 38 37
36 37 41
38 21 39
38 39 40
44 46 43
46 44 45
43 24 44
42 43 47
43 46 47
46 35 47
31 49 60
6 48 59
60 59 48
61 60 49
62 50 51
49 50 61
51 33 52
65 64 55
64 65 63
51 52 62
53 35 64
52 53 63
63 53 64
63 62 52
62 63 65
55 56 65
67 60 61
60 67 59
56 57 66
57 58 66
58 6 59
58 59 67
67 66 58
66 65 56
