175.6666 87.7351 1.0
177.2102 108.5660 1.0
183.9963 129.4089 1.0
188.8434 141.5269 1.0
198.5378 153.6448 1.0
214.0488 160.9156 1.0
230.5293 163.8239 1.0
242.6473 165.7628 1.0
258.1583 166.7323 1.0
273.6693 159.9462 1.0
286.2720 148.7977 1.0
296.4511 135.7102 1.0
305.1761 124.5617 1.0
305.6608 112.4437 1.0
304.2066 99.8410 1.0
302.7525 86.2689 1.0
298.8747 70.7579 1.0
186.9046 48.9455 1.0
192.2365 44.0983 1.0
201.4461 42.6441 1.0
211.1405 40.7053 1.0
216.9572 40.7053 1.0
259.1277 31.9803 1.0
265.4291 31.9803 1.0
270.2763 31.0109 1.0
278.5165 34.4039 1.0
287.7262 38.2817 1.0
243.1320 55.2468 1.0
244.1014 62.0329 1.0
244.1014 69.3037 1.0
244.1014 76.0898 1.0
227.6210 80.9370 1.0
234.8918 82.3911 1.0
246.0403 82.3911 1.0
252.8264 82.3911 1.0
263.4902 80.4522 1.0
203.3850 64.4565 1.0
206.7781 58.6399 1.0
214.5336 54.7621 1.0
221.3196 58.6399 1.0
218.4113 68.3343 1.0
207.7475 69.7884 1.0
257.1889 51.3691 1.0
263.4902 47.4913 1.0
273.1846 47.4913 1.0
279.9707 56.2163 1.0
273.1846 59.1246 1.0
265.4291 59.6093 1.0
226.6515 118.2603 1.0
233.9223 108.0812 1.0
242.6473 101.2952 1.0
251.3722 101.2952 1.0
258.1583 96.9327 1.0
266.8832 103.2340 1.0
276.0929 109.5354 1.0
269.7916 118.7451 1.0
264.9444 123.5923 1.0
255.7347 127.9547 1.0
246.5250 127.9547 1.0
235.8612 126.5006 1.0
231.9835 117.2909 1.0
242.1626 110.9896 1.0
251.8569 108.0812 1.0
261.5513 108.0812 1.0
269.3068 110.0201 1.0
261.5513 110.0201 1.0
251.8569 110.5048 1.0
243.1320 113.4132 1.0
