-0.8000 0.1102 -0.8557
-0.7800 0.3807 -0.8711
-0.6918 0.6514 -0.8871
-0.6289 0.8088 -0.8835
-0.5030 0.9661 -0.8138
-0.3016 1.0606 -0.6631
-0.0875 1.0983 -0.4768
0.0698 1.1235 -0.2967
0.2713 1.1361 -0.2114
0.4727 1.0480 -0.3033
0.6363 0.9032 -0.4839
0.7685 0.7332 -0.6684
0.8818 0.5885 -0.8159
0.8881 0.4311 -0.8807
0.8692 0.2674 -0.8824
0.8504 0.0912 -0.8666
0.8000 -0.1102 -0.8501
-0.6541 -0.3935 -0.0738
-0.5848 -0.4564 0.0527
-0.4652 -0.4753 0.1346
-0.3393 -0.5005 0.1808
-0.2638 -0.5005 0.1918
0.2838 -0.6138 0.1986
0.3657 -0.6138 0.1886
0.4286 -0.6264 0.1452
0.5356 -0.5823 0.0664
0.6552 -0.5320 -0.0619
0.0761 -0.3117 0.1415
0.0887 -0.2235 0.2018
0.0887 -0.1291 0.2893
0.0887 -0.0410 0.2894
-0.1253 0.0220 0.0735
-0.0309 0.0408 0.1024
0.1139 0.0408 0.1173
0.2020 0.0408 0.1016
0.3405 0.0157 0.0713
-0.4400 -0.1921 -0.0058
-0.3960 -0.2676 0.0834
-0.2953 -0.3180 0.0888
-0.2071 -0.2676 0.0487
-0.2449 -0.1417 0.0764
-0.3834 -0.1228 0.0570
0.2587 -0.3620 0.0574
0.3405 -0.4124 0.0997
0.4664 -0.4124 0.0966
0.5545 -0.2991 0.0058
0.4664 -0.2613 0.0661
0.3657 -0.2550 0.0849
-0.1379 0.5066 -0.1399
-0.0435 0.3745 0.0106
0.0698 0.2863 0.1013
0.1831 0.2863 0.1112
0.2713 0.2297 0.1024
0.3846 0.3115 0.0080
0.5042 0.3933 -0.1486
0.4223 0.5129 -0.0193
0.3594 0.5759 0.0498
0.2398 0.6325 0.0609
0.1202 0.6325 0.0515
-0.0183 0.6136 -0.0166
-0.0687 0.4941 -0.1429
0.0635 0.4122 0.0396
0.1894 0.3745 0.0642
0.3153 0.3745 0.0391
0.4160 0.3996 -0.1528
0.3153 0.3996 0.0391
0.1894 0.4059 0.0642
0.0761 0.4437 0.0396
