36 0 17
0 36 1
0 68 18
68 0 69
18 68 75
32 49 31
49 32 50
69 0 1
62 50 51
50 62 61
69 1 2
2 1 31
62 52 63
52 62 51
2 3 69
3 2 48
3 48 4
4 70 69
70 4 5
3 4 69
57 7 58
7 57 8
70 5 6
5 4 48
12 55 54
55 12 11
70 6 71
6 5 59
35 29 47
29 35 30
7 71 6
71 7 8
7 6 58
71 8 9
71 9 10
9 8 57
31 1 41
10 72 71
72 10 11
10 9 56
29 31 40
31 29 30
72 11 12
11 10 56
46 43 44
43 46 47
12 73 72
73 12 13
28 40 39
40 28 29
73 13 14
13 12 54
37 19 20
19 37 18
73 14 15
14 13 54
37 17 18
17 37 36
73 15 16
15 14 35
39 27 28
27 39 21
16 74 73
74 16 25
16 15 45
23 75 24
75 23 22
0 18 17
18 75 19
38 40 37
40 38 39
20 75 22
75 20 19
27 21 22
22 21 20
20 21 38
43 22 23
22 43 42
42 27 22
27 42 28
46 44 45
15 46 45
46 15 35
44 23 24
23 44 43
75 25 24
25 75 74
25 16 26
24 25 44
26 16 45
44 25 26
29 42 47
42 29 28
37 40 41
30 35 34
62 65 66
65 62 63
6 59 58
51 33 52
33 51 50
62 67 61
31 30 32
48 2 31
56 9 57
32 30 33
34 52 33
52 34 53
32 33 50
33 30 34
14 54 35
34 35 53
41 1 36
20 38 37
36 37 41
21 39 38
40 31 41
42 43 47
26 45 44
46 35 47
48 31 49
5 48 59
48 49 60
49 50 61
54 55 64
52 53 63
53 35 54
53 54 64
64 63 53
63 64 65
55 11 56
67 62 66
55 56 65
59 67 58
67 59 60
56 57 66
61 60 49
60 61 67
57 58 66
59 48 60
56 66 65
65 64 55
66 58 67
