40 39 29
39 40 41
0 57 37
57 0 58
57 56 65
0 36 1
36 0 37
1 58 0
58 1 2
36 2 1
2 36 3
2 59 58
59 2 3
59 3 4
5 48 6
48 5 4
59 4 5
4 3 48
39 38 42
38 39 41
5 60 59
60 5 61
18 38 17
38 18 21
61 5 6
38 41 36
7 61 6
61 7 8
7 6 55
21 19 20
19 21 18
61 8 9
8 7 54
10 62 61
62 10 11
10 61 9
9 8 54
12 62 11
62 12 63
10 9 53
52 33 12
33 52 32
11 10 52
32 52 40
63 12 13
12 11 52
50 55 49
55 50 54
63 13 14
13 12 46
63 14 15
14 13 46
32 29 33
29 32 30
15 64 63
64 15 16
15 14 45
30 32 31
64 16 26
16 15 44
23 44 22
44 23 24
17 65 18
65 17 37
33 29 28
36 37 38
18 65 19
14 46 45
47 45 46
19 65 20
42 45 39
45 42 44
21 66 38
66 21 20
20 65 66
44 15 45
45 47 39
22 66 23
66 22 38
22 44 42
67 23 66
23 67 24
24 67 25
44 25 26
25 44 24
25 67 26
44 26 16
27 35 34
35 27 47
12 34 35
34 12 33
40 29 30
27 28 47
28 27 33
6 48 55
28 29 39
40 30 31
50 49 41
52 53 51
52 10 53
32 40 31
33 27 34
12 35 46
35 47 46
48 3 36
37 57 65
38 22 43
28 39 47
54 7 55
36 41 48
41 40 51
48 49 55
49 48 41
42 38 43
22 42 43
9 54 53
50 41 51
50 51 53
51 40 52
50 53 54
64 26 67
17 37 38