140.9400 290.0367 1.0
147.6491 321.9049 1.0
164.4218 352.9344 1.0
183.7104 378.9320 1.0
207.1922 399.0593 1.0
232.3512 419.1865 1.0
264.2193 432.6047 1.0
302.7966 441.8297 1.0
333.8261 441.8297 1.0
375.7578 432.6047 1.0
416.0123 414.9933 1.0
445.3645 392.3502 1.0
473.0395 358.8048 1.0
487.2963 325.2594 1.0
495.6826 281.6504 1.0
494.0053 225.4618 1.0
480.5872 178.4983 1.0
239.0603 205.3346 1.0
251.6398 197.7869 1.0
265.0580 190.2392 1.0
278.4761 185.2073 1.0
292.7329 185.2073 1.0
419.3668 166.7574 1.0
431.9464 161.7256 1.0
443.6872 160.0483 1.0
453.7509 160.8869 1.0
466.3304 161.7256 1.0
426.0759 309.3253 1.0
420.2055 311.0026 1.0
416.0123 315.1958 1.0
413.4964 321.9049 1.0
413.4964 328.6139 1.0
421.0441 331.1298 1.0
432.7850 330.2912 1.0
440.3327 327.7753 1.0
451.2350 320.2276 1.0
210.5467 318.5503 1.0
182.0331 242.2345 1.0
379.1123 174.3051 1.0
413.4964 276.6186 1.0
402.5941 332.8071 1.0
296.9261 357.9662 1.0
405.1100 228.8164 1.0
399.2396 183.5301 1.0
466.3304 177.6596 1.0
481.4258 244.7504 1.0
478.9099 311.0026 1.0
432.7850 297.5844 1.0
233.1898 381.4479 1.0
268.4125 372.2230 1.0
307.8284 376.4161 1.0
333.8261 378.9320 1.0
355.6306 375.5775 1.0
395.8850 375.5775 1.0
426.9145 376.4161 1.0
398.4010 397.3820 1.0
359.8237 415.8320 1.0
332.9874 420.8638 1.0
311.1829 418.3479 1.0
270.9284 402.4138 1.0
234.0285 381.4479 1.0
292.7329 372.2230 1.0
332.1488 378.0934 1.0
369.0487 372.2230 1.0
427.7532 377.2548 1.0
369.8874 416.6706 1.0
333.8261 423.3797 1.0
293.5716 414.1547 1.0
