-0.8000 0.2627 0.0000
-0.7684 0.4128 0.0000
-0.6894 0.5590 0.0000
-0.5985 0.6815 0.0000
-0.4879 0.7763 0.0000
-0.3694 0.8711 0.0000
-0.2193 0.9343 0.0000
-0.0375 0.9778 0.0000
0.1086 0.9778 0.0000
0.3062 0.9343 0.0000
0.4958 0.8514 0.0000
0.6341 0.7447 0.0000
0.7644 0.5867 0.0000
0.8316 0.4286 0.0000
0.8711 0.2232 0.0000
0.8632 -0.0415 0.0000
0.8000 -0.2627 0.0000
-0.3378 -0.1363 0.0000
-0.2785 -0.1719 0.0000
-0.2153 -0.2074 0.0000
-0.1521 -0.2311 0.0000
-0.0849 -0.2311 0.0000
0.5116 -0.3180 0.0000
0.5709 -0.3417 0.0000
0.6262 -0.3496 0.0000
0.6736 -0.3457 0.0000
0.7328 -0.3417 0.0000
0.5432 0.3536 0.0000
0.5156 0.3615 0.0000
0.4958 0.3812 0.0000
0.4840 0.4128 0.0000
0.4840 0.4444 0.0000
0.5195 0.4563 0.0000
0.5748 0.4523 0.0000
0.6104 0.4405 0.0000
0.6617 0.4049 0.0000
-0.4721 0.3970 0.0000
-0.6064 0.0375 0.0000
0.3220 -0.2825 0.0000
0.4840 0.1995 0.0000
0.4326 0.4642 0.0000
-0.0652 0.5827 0.0000
0.4444 -0.0257 0.0000
0.4168 -0.2390 0.0000
0.7328 -0.2667 0.0000
0.8040 0.0494 0.0000
0.7921 0.3615 0.0000
0.5748 0.2983 0.0000
-0.3654 0.6933 0.0000
-0.1995 0.6499 0.0000
-0.0138 0.6696 0.0000
0.1086 0.6815 0.0000
0.2114 0.6657 0.0000
0.4010 0.6657 0.0000
0.5472 0.6696 0.0000
0.4128 0.7684 0.0000
0.2311 0.8553 0.0000
0.1047 0.8790 0.0000
0.0020 0.8672 0.0000
-0.1877 0.7921 0.0000
-0.3615 0.6933 0.0000
-0.0849 0.6499 0.0000
0.1007 0.6775 0.0000
0.2746 0.6499 0.0000
0.5511 0.6736 0.0000
0.2785 0.8593 0.0000
0.1086 0.8909 0.0000
-0.0810 0.8474 0.0000
