48 6 5
6 48 55
0 58 17
58 0 59
57 56 65
41 38 40
38 41 37
1 59 0
59 1 2
1 0 36
36 17 37
17 36 0
59 2 3
2 1 36
13 47 46
47 13 12
3 60 59
60 3 4
3 2 41
19 38 18
38 19 20
5 60 4
60 5 61
4 3 41
30 33 29
33 30 32
5 4 48
49 54 55
54 49 50
61 5 6
34 29 33
29 34 28
7 61 6
61 7 8
7 6 55
10 62 9
62 10 11
61 9 62
9 61 8
8 7 54
9 8 54
62 11 12
10 9 53
4 41 48
62 12 13
11 10 52
40 35 49
35 40 27
62 13 14
12 11 32
40 38 39
62 14 63
63 14 15
14 13 46
63 15 16
15 14 46
38 20 21
16 15 45
57 65 17
57 17 58
39 42 27
42 39 43
17 18 37
18 17 65
42 28 27
28 42 47
28 47 29
19 18 66
66 18 65
46 43 44
43 46 47
20 19 66
66 21 20
21 66 24
22 43 39
43 22 23
21 23 22
23 21 24
15 46 45
21 22 39
23 44 43
44 23 24
44 24 25
67 25 24
25 67 26
44 26 45
26 44 25
64 26 67
26 64 63
16 26 63
26 16 45
29 47 30
32 30 31
27 28 35
31 47 12
47 31 30
53 52 10
52 53 51
32 31 12
32 11 52
52 33 32
33 52 34
34 51 35
51 34 52
35 51 50
55 54 7
28 34 35
55 48 49
48 41 40
41 2 36
18 38 37
36 37 41
38 21 39
27 40 39
42 43 47
46 44 45
48 40 49
49 35 50
9 54 53
50 51 53
50 53 54
24 66 67
