161.6225 394.3264 1.0
173.4633 431.6704 1.0
191.6799 464.4603 1.0
214.4507 495.4285 1.0
240.8647 518.1993 1.0
276.3871 540.9700 1.0
302.8011 561.0083 1.0
336.5018 577.4032 1.0
371.1133 588.3331 1.0
407.5465 563.7407 1.0
432.1389 545.5242 1.0
461.2855 527.3076 1.0
483.1454 500.8935 1.0
505.9161 472.6578 1.0
521.4002 443.5112 1.0
535.9735 416.1863 1.0
547.8143 386.1290 1.0
233.5781 331.4792 1.0
270.0113 326.9250 1.0
308.2661 319.6384 1.0
333.7693 319.6384 1.0
360.1834 326.0142 1.0
434.8714 331.4792 1.0
464.0180 322.3709 1.0
483.1454 313.2626 1.0
507.7378 318.7276 1.0
529.5977 323.2817 1.0
403.9032 436.2246 1.0
406.6357 442.6004 1.0
410.2790 449.8870 1.0
413.0115 454.4412 1.0
414.8332 460.8170 1.0
410.2790 466.2820 1.0
404.8140 469.0145 1.0
397.5274 470.8361 1.0
389.3299 471.7470 1.0
242.6864 394.3264 1.0
266.3679 364.2691 1.0
320.1069 363.3582 1.0
353.8076 392.5048 1.0
321.9285 426.2055 1.0
273.6546 429.8488 1.0
427.5848 407.9889 1.0
446.7122 367.0015 1.0
493.1645 355.1608 1.0
519.5786 384.3073 1.0
496.8078 409.8105 1.0
453.0880 428.0271 1.0
323.7502 519.1101 1.0
332.8585 510.0018 1.0
352.8968 511.8235 1.0
368.3809 511.8235 1.0
379.3108 510.9126 1.0
393.8841 509.0910 1.0
405.7249 510.0018 1.0
393.8841 532.7725 1.0
380.2216 543.7025 1.0
365.6484 547.3458 1.0
346.5209 544.6133 1.0
334.6802 540.0592 1.0
325.5719 520.0209 1.0
336.5018 510.9126 1.0
369.2917 510.0018 1.0
392.9733 509.0910 1.0
406.6357 509.0910 1.0
393.8841 532.7725 1.0
367.4700 549.1675 1.0
335.5910 541.8808 1.0
