-0.8000 0.0170 -0.8557
-0.7509 0.1717 -0.8711
-0.6755 0.3075 -0.8871
-0.5811 0.4358 -0.8835
-0.4717 0.5302 -0.8138
-0.3245 0.6245 -0.6631
-0.2151 0.7075 -0.4768
-0.0755 0.7755 -0.2967
0.0679 0.8208 -0.2114
0.2189 0.7189 -0.3033
0.3208 0.6434 -0.4839
0.4415 0.5679 -0.6684
0.5321 0.4585 -0.8159
0.6264 0.3415 -0.8807
0.6906 0.2208 -0.8824
0.7509 0.1075 -0.8666
0.8000 -0.0170 -0.8501
-0.5019 -0.2434 -0.0738
-0.3509 -0.2623 0.0527
-0.1925 -0.2925 0.1346
-0.0868 -0.2925 0.1808
0.0226 -0.2660 0.1918
0.3321 -0.2434 0.1986
0.4528 -0.2811 0.1886
0.5321 -0.3189 0.1452
0.6340 -0.2962 0.0664
0.7245 -0.2774 -0.0619
0.2038 0.1906 0.1415
0.2151 0.2170 0.2018
0.2302 0.2472 0.2893
0.2415 0.2660 0.2894
0.2491 0.2925 0.0735
0.2302 0.3151 0.1024
0.2075 0.3264 0.1173
0.1774 0.3340 0.1016
0.1434 0.3377 0.0713
-0.4642 0.0170 -0.0058
-0.3660 -0.1075 0.0834
-0.1434 -0.1113 0.0888
-0.0038 0.0094 0.0487
-0.1358 0.1491 0.0764
-0.3358 0.1642 0.0570
0.3019 0.0736 0.0574
0.3811 -0.0962 0.0997
0.5736 -0.1453 0.0966
0.6830 -0.0245 0.0058
0.5887 0.0811 0.0661
0.4075 0.1566 0.0849
-0.1283 0.5340 -0.1399
-0.0906 0.4962 0.0106
-0.0075 0.5038 0.1013
0.0566 0.5038 0.1112
0.1019 0.5000 0.1024
0.1623 0.4925 0.0080
0.2113 0.4962 -0.1486
0.1623 0.5906 -0.0193
0.1057 0.6358 0.0498
0.0453 0.6509 0.0609
-0.0340 0.6396 0.0515
-0.0830 0.6208 -0.0166
-0.1418 0.4793 -0.1429
-0.0382 0.4981 0.0396
0.0604 0.4962 0.0642
0.1585 0.4925 0.0391
0.2151 0.4925 -0.1528
0.1623 0.5906 0.0391
0.0528 0.6585 0.0642
-0.0792 0.6283 0.0396
