-0.8000 0.0132 -0.8557
-0.7665 0.1952 -0.8711
-0.7329 0.3198 -0.8871
-0.6683 0.4395 -0.8835
-0.6036 0.5808 -0.8138
-0.4766 0.6479 -0.6631
-0.3210 0.6862 -0.4768
-0.2036 0.7246 -0.2967
-0.0575 0.7533 -0.2114
0.0671 0.7389 -0.3033
0.2060 0.6982 -0.4839
0.3090 0.6623 -0.6684
0.4168 0.5784 -0.8159
0.5030 0.4850 -0.8807
0.5749 0.4012 -0.8824
0.6898 0.2910 -0.8666
0.8000 -0.0132 -0.8501
-0.4048 -0.2671 -0.0738
-0.3425 -0.2695 0.0527
-0.2635 -0.2814 0.1346
-0.1988 -0.2790 0.1808
-0.1413 -0.2551 0.1918
-0.0263 -0.2551 0.1986
0.0311 -0.2623 0.1886
0.0910 -0.2623 0.1452
0.1725 -0.2623 0.0664
0.2611 -0.2527 -0.0619
-0.0766 0.1832 0.1415
-0.0766 0.2168 0.2018
-0.0766 0.2527 0.2893
-0.0790 0.2790 0.2894
-0.1293 0.3054 0.0735
-0.1150 0.3126 0.1024
-0.0814 0.3246 0.1173
-0.0383 0.3246 0.1016
0.0072 0.3174 0.0713
-0.3449 0.2168 -0.0058
-0.3162 0.1641 0.0834
-0.2563 0.1713 0.0888
-0.2275 0.2192 0.0487
-0.2635 0.2599 0.0764
-0.3066 0.2647 0.0570
0.0934 0.2048 0.0574
0.1222 0.1593 0.0997
0.2060 0.1713 0.0966
0.2204 0.2263 0.0058
0.1892 0.2599 0.0661
0.1437 0.2431 0.0849
-0.2443 0.5689 -0.1399
-0.2156 0.4754 0.0106
-0.1605 0.3892 0.1013
-0.0766 0.3844 0.1112
-0.0144 0.3940 0.1024
0.0431 0.4707 0.0080
0.1078 0.5760 -0.1486
0.0455 0.4754 -0.0193
-0.0120 0.4132 0.0498
-0.0838 0.4012 0.0609
-0.1437 0.4108 0.0515
-0.2012 0.4778 -0.0166
-0.2467 0.5737 -0.1429
-0.1605 0.3988 0.0396
-0.0862 0.3844 0.0642
-0.0024 0.3964 0.0391
0.1054 0.5784 -0.1528
-0.0048 0.4108 0.0391
-0.0814 0.3988 0.0642
-0.1485 0.4060 0.0396
