75.6633 180.2886 1.0
82.9852 220.0362 1.0
90.3071 247.2319 1.0
104.4280 273.3816 1.0
118.5488 304.2382 1.0
146.2675 318.8821 1.0
180.2621 327.2500 1.0
205.8888 335.6179 1.0
237.7915 341.8938 1.0
264.9872 338.7559 1.0
295.3208 329.8650 1.0
317.8096 322.0200 1.0
341.3443 303.7153 1.0
360.1721 283.3185 1.0
375.8619 265.0137 1.0
400.9657 240.9560 1.0
425.0234 174.5357 1.0
161.9573 119.0983 1.0
175.5552 118.5753 1.0
192.8140 115.9603 1.0
206.9348 116.4833 1.0
219.4867 121.7133 1.0
244.5904 121.7133 1.0
257.1423 120.1443 1.0
270.2171 120.1443 1.0
287.9989 120.1443 1.0
307.3497 122.2363 1.0
233.6075 217.4212 1.0
233.6075 224.7431 1.0
233.6075 232.5880 1.0
233.0845 238.3410 1.0
222.1016 244.0939 1.0
225.2396 245.6629 1.0
232.5615 248.2779 1.0
241.9754 248.2779 1.0
251.9123 246.7089 1.0
175.0322 224.7431 1.0
181.3081 213.2373 1.0
194.3830 214.8062 1.0
200.6589 225.2661 1.0
192.8140 234.1570 1.0
183.4001 235.2030 1.0
270.7401 222.1282 1.0
277.0160 212.1913 1.0
295.3208 214.8062 1.0
298.4588 226.8351 1.0
291.6599 234.1570 1.0
281.7230 230.4961 1.0
196.9979 301.6233 1.0
203.2739 281.2265 1.0
215.3027 262.3987 1.0
233.6075 261.3527 1.0
247.2054 263.4447 1.0
259.7572 280.1805 1.0
273.8781 303.1923 1.0
260.2802 281.2265 1.0
247.7284 267.6287 1.0
232.0385 265.0137 1.0
218.9637 267.1057 1.0
206.4118 281.7495 1.0
196.4749 302.6693 1.0
215.3027 264.4907 1.0
231.5155 261.3527 1.0
249.8203 263.9677 1.0
273.3551 303.7153 1.0
249.2973 267.1057 1.0
232.5615 264.4907 1.0
217.9177 266.0597 1.0
