101.7680 193.9204 1.0
81.5677 246.7520 1.0
76.1292 305.0222 1.0
92.4448 353.9691 1.0
114.1990 394.3698 1.0
153.8227 439.4321 1.0
196.5542 463.5171 1.0
246.2781 480.6096 1.0
301.4405 487.6021 1.0
358.1568 483.7174 1.0
404.7730 465.0709 1.0
448.2814 437.8782 1.0
484.0204 400.5853 1.0
508.8823 352.4153 1.0
520.5364 307.3530 1.0
519.7594 256.0752 1.0
499.5591 194.6973 1.0
158.4843 186.1510 1.0
174.8000 186.1510 1.0
191.8926 186.1510 1.0
205.1005 186.1510 1.0
221.4161 186.1510 1.0
335.6257 181.4894 1.0
351.1644 181.4894 1.0
369.8109 181.4894 1.0
386.1265 181.4894 1.0
407.8807 186.9280 1.0
285.9018 289.4835 1.0
282.7941 306.5761 1.0
280.4632 319.7840 1.0
279.6863 332.2149 1.0
264.9245 342.3151 1.0
272.6939 347.7536 1.0
281.2402 348.5306 1.0
292.8942 348.5306 1.0
303.7713 348.5306 1.0
142.1687 253.7444 1.0
168.5845 223.4439 1.0
205.8774 221.1131 1.0
232.2932 250.6367 1.0
212.8698 284.8219 1.0
169.3614 284.8219 1.0
330.1871 249.8598 1.0
351.1644 224.9978 1.0
395.4497 222.6670 1.0
414.0962 256.0752 1.0
391.5650 287.1527 1.0
353.4952 290.2604 1.0
253.2705 411.4624 1.0
258.7090 399.0314 1.0
275.0247 387.3774 1.0
293.6712 387.3774 1.0
312.3176 390.4851 1.0
324.7486 399.0314 1.0
334.0718 412.2393 1.0
324.7486 427.0011 1.0
304.5483 436.3243 1.0
289.7865 437.8782 1.0
276.5786 434.7704 1.0
256.3782 422.3395 1.0
254.0474 411.4624 1.0
269.5861 394.3698 1.0
291.3403 391.2620 1.0
309.9868 393.5929 1.0
329.4102 409.1316 1.0
315.4254 429.3319 1.0
291.3403 435.5474 1.0
268.0323 429.3319 1.0
