-0.8000 -0.0016 0.0000
-0.8812 0.2109 0.0000
-0.9031 0.4453 0.0000
-0.8375 0.6422 0.0000
-0.7500 0.8047 0.0000
-0.5906 0.9859 0.0000
-0.4187 1.0828 0.0000
-0.2187 1.1516 0.0000
0.0031 1.1797 0.0000
0.2313 1.1641 0.0000
0.4188 1.0891 0.0000
0.5938 0.9797 0.0000
0.7375 0.8297 0.0000
0.8375 0.6359 0.0000
0.8844 0.4547 0.0000
0.8812 0.2484 0.0000
0.8000 0.0016 0.0000
-0.5719 -0.0328 0.0000
-0.5062 -0.0328 0.0000
-0.4375 -0.0328 0.0000
-0.3844 -0.0328 0.0000
-0.3188 -0.0328 0.0000
0.1406 -0.0516 0.0000
0.2031 -0.0516 0.0000
0.2781 -0.0516 0.0000
0.3438 -0.0516 0.0000
0.4313 -0.0297 0.0000
-0.0594 0.3828 0.0000
-0.0719 0.4516 0.0000
-0.0813 0.5047 0.0000
-0.0844 0.5547 0.0000
-0.1438 0.5953 0.0000
-0.1125 0.6172 0.0000
-0.0781 0.6203 0.0000
-0.0312 0.6203 0.0000
0.0125 0.6203 0.0000
-0.6375 0.2391 0.0000
-0.5312 0.1172 0.0000
-0.3812 0.1078 0.0000
-0.2750 0.2266 0.0000
-0.3531 0.3641 0.0000
-0.5281 0.3641 0.0000
0.1187 0.2234 0.0000
0.2031 0.1234 0.0000
0.3812 0.1141 0.0000
0.4563 0.2484 0.0000
0.3656 0.3734 0.0000
0.2125 0.3859 0.0000
-0.1906 0.8734 0.0000
-0.1688 0.8422 0.0000
-0.1031 0.8147 0.0000
-0.0281 0.8172 0.0000
0.0469 0.8259 0.0000
0.0969 0.8459 0.0000
0.1344 0.8766 0.0000
0.0969 0.8639 0.0000
0.0156 0.8554 0.0000
-0.0437 0.8497 0.0000
-0.0969 0.8452 0.0000
-0.1781 0.8572 0.0000
-0.1875 0.8734 0.0000
-0.1275 0.8328 0.0000
-0.0375 0.8278 0.0000
0.0463 0.8303 0.0000
0.1156 0.8641 0.0000
0.0515 0.8533 0.0000
-0.0375 0.8563 0.0000
-0.1290 0.8553 0.0000
