28 40 27
40 28 29
37 0 17
0 37 36
0 57 65
57 0 1
1 0 36
57 1 58
1 2 58
2 1 36
58 2 3
3 2 41
3 59 58
59 3 4
4 3 41
20 38 19
38 20 21
59 4 5
5 4 48
38 40 41
40 38 39
5 60 59
60 5 6
6 5 48
38 41 37
60 6 61
6 7 61
7 6 48
18 37 17
37 18 19
61 7 8
8 7 54
46 52 47
52 46 11
61 8 9
9 8 53
10 62 61
62 10 11
10 61 9
10 9 52
43 22 23
22 43 42
62 11 12
11 10 52
31 29 30
29 31 40
62 12 63
12 11 46
63 12 13
13 12 46
30 35 34
35 30 29
63 13 14
14 13 46
41 2 36
63 14 15
15 14 45
63 16 64
16 63 15
16 15 45
30 34 33
17 0 65
65 57 56
22 42 39
18 17 65
28 35 29
35 28 47
19 18 65
21 65 66
65 21 20
47 42 43
42 47 27
20 19 65
45 14 46
43 24 44
24 43 23
21 22 39
22 21 66
22 66 23
46 43 44
43 46 47
23 66 24
24 66 25
67 16 26
16 67 64
24 25 44
67 25 66
25 67 26
26 45 44
45 26 16
25 26 44
39 42 27
31 41 40
41 31 4
28 27 47
9 53 52
50 33 34
33 50 49
48 31 49
31 48 4
33 49 32
32 49 31
31 30 32
8 54 53
32 30 33
54 50 51
50 54 55
47 52 35
34 35 50
36 37 41
37 19 38
38 21 39
39 27 40
46 44 45
35 52 51
7 48 55
48 49 55
54 51 53
49 50 55
50 35 51
53 51 52
54 7 55
