19 75 20
75 19 18
1 69 0
69 1 2
0 69 68
58 66 57
66 58 67
69 2 3
1 0 17
51 32 33
32 51 50
2 1 36
37 40 41
40 37 38
69 3 4
3 2 48
35 29 28
29 35 30
4 70 69
70 4 5
4 3 48
9 57 56
57 9 8
70 5 6
5 4 48
31 2 41
2 31 48
6 71 70
71 6 7
6 5 59
54 35 46
35 54 53
71 7 8
7 6 58
39 28 31
28 39 27
8 7 57
12 72 11
72 12 73
71 10 72
10 71 9
8 9 71
72 10 11
10 9 56
31 28 29
11 10 55
35 28 42
73 12 13
12 11 55
40 31 41
31 40 39
73 13 14
13 12 54
37 19 38
19 37 18
73 14 15
14 13 54
17 36 1
36 17 37
73 15 16
15 14 45
37 17 18
74 73 16
16 15 45
18 0 75
0 18 17
40 38 39
75 0 68
30 35 34
75 24 23
24 75 25
75 21 20
21 75 22
19 20 38
21 22 27
46 44 45
44 46 47
42 28 27
20 21 38
42 27 22
44 47 43
75 23 22
22 23 43
25 74 16
74 25 75
44 23 24
23 44 43
44 25 26
25 44 24
25 16 26
16 45 26
31 29 30
21 27 39
55 54 12
54 55 64
49 31 50
31 49 48
34 52 51
52 34 35
60 49 61
61 67 60
32 50 31
57 7 58
31 30 32
61 62 66
62 61 51
32 30 33
10 56 55
33 30 34
14 54 46
33 34 51
14 46 45
2 36 41
36 37 41
21 39 38
35 42 47
42 22 43
42 43 47
44 26 45
46 35 47
5 48 59
48 49 60
6 59 58
49 50 61
50 51 61
63 62 52
62 63 66
51 52 62
52 35 53
65 64 55
64 65 63
52 53 63
53 54 64
64 63 53
55 56 65
56 57 66
60 67 59
59 48 60
58 59 67
66 67 61
56 66 65
65 66 63
