66 20 0
20 66 23
57 65 0
65 57 56
0 65 66
28 40 27
40 28 31
57 1 58
1 57 0
1 0 18
35 30 29
30 35 34
58 2 3
2 58 1
2 1 17
31 41 40
41 31 48
3 2 36
6 55 7
55 6 48
58 3 4
4 3 41
4 48 5
48 4 41
5 59 4
59 5 60
39 21 22
21 39 38
60 5 6
6 5 48
38 41 37
41 38 40
61 6 7
6 61 60
61 10 62
10 61 9
7 8 61
8 7 54
11 62 10
62 11 63
8 9 61
9 8 54
37 17 18
17 37 36
10 9 53
38 20 21
20 38 19
63 11 12
11 10 52
19 37 18
37 19 38
63 12 13
12 11 52
36 2 17
63 13 14
13 12 46
40 38 39
63 14 15
14 13 45
44 46 47
46 44 45
63 15 16
15 14 26
1 18 17
64 63 16
16 15 24
47 28 27
28 47 35
19 0 20
0 19 18
23 66 16
20 23 21
21 23 22
47 27 42
28 35 29
24 43 23
43 24 25
23 43 22
16 24 23
25 15 26
15 25 24
44 25 26
25 44 43
26 45 44
45 26 14
42 39 22
39 42 27
46 52 35
52 46 12
29 31 28
31 29 30
35 51 34
51 35 52
49 31 32
31 49 48
52 10 53
49 32 50
50 33 34
33 50 32
31 30 32
55 49 54
49 55 48
32 30 33
54 51 53
51 54 50
33 30 34
13 46 45
3 36 41
36 37 41
39 27 40
44 47 43
42 22 43
42 43 47
46 35 47
50 54 49
50 34 51
9 54 53
51 52 53
54 7 55
58 4 59
64 16 67
16 66 67
