-0.8339 -0.6276 -0.8557
-0.8057 -0.3675 -0.8711
-0.7661 -0.0961 -0.8871
-0.7265 0.2488 -0.8835
-0.6869 0.4749 -0.8138
-0.5852 0.7463 -0.6631
-0.4212 0.9159 -0.4768
-0.2346 1.0459 -0.2967
0.0085 1.1138 -0.2114
0.2403 1.0346 -0.3033
0.4608 0.8763 -0.4839
0.6078 0.6898 -0.6684
0.7039 0.4636 -0.8159
0.7604 0.1922 -0.8807
0.7717 -0.1187 -0.8824
0.7717 -0.3845 -0.8666
0.7661 -0.7463 -0.8501
-0.4890 -0.2205 -0.0738
-0.4382 -0.2657 0.0527
-0.3647 -0.2940 0.1346
-0.2799 -0.2883 0.1808
-0.2120 -0.2544 0.1918
0.1781 -0.2544 0.1986
0.2403 -0.2883 0.1886
0.3364 -0.2883 0.1452
0.3929 -0.2544 0.0664
0.4551 -0.2148 -0.0619
0.0028 0.1583 0.1415
0.0028 0.2318 0.2018
0.0141 0.2883 0.2893
0.0141 0.3562 0.2894
-0.1046 0.3731 0.0735
-0.0537 0.4184 0.1024
0.0085 0.4523 0.1173
0.0707 0.4297 0.1016
0.1159 0.3675 0.0713
-0.5004 0.0000 -0.0058
-0.4382 -0.0905 0.0834
-0.2459 -0.1018 0.0888
-0.1668 -0.0170 0.0487
-0.2290 0.1074 0.0764
-0.4099 0.1074 0.0570
0.1611 -0.0170 0.0574
0.2346 -0.1018 0.0997
0.4212 -0.0961 0.0966
0.5004 0.0000 0.0058
0.4155 0.1131 0.0661
0.2629 0.1187 0.0849
-0.2403 0.6106 -0.1399
-0.1611 0.5823 0.0106
-0.0481 0.5541 0.1013
0.0085 0.5541 0.1112
0.0933 0.5541 0.1024
0.2007 0.5710 0.0080
0.2742 0.5936 -0.1486
0.2233 0.6954 -0.0193
0.1329 0.7972 0.0498
0.0085 0.8141 0.0609
-0.0989 0.7972 0.0515
-0.1951 0.7067 -0.0166
-0.2459 0.6049 -0.1429
-0.1159 0.5710 0.0396
0.0028 0.5541 0.0642
0.1385 0.5597 0.0391
0.2799 0.5936 -0.1528
0.2120 0.7633 0.0391
0.0085 0.8367 0.0642
-0.1781 0.7519 0.0396
