-0.8000 0.0593 0.0000
-0.7692 0.3187 0.0000
-0.7297 0.5912 0.0000
-0.6945 0.9341 0.0000
-0.6505 1.1626 0.0000
-0.5495 1.4308 0.0000
-0.3868 1.6022 0.0000
-0.2022 1.7297 0.0000
0.0440 1.8000 0.0000
0.2725 1.7209 0.0000
0.4967 1.5626 0.0000
0.6418 1.3736 0.0000
0.7385 1.1495 0.0000
0.7956 0.8769 0.0000
0.8044 0.5648 0.0000
0.8088 0.3011 0.0000
0.8000 -0.0593 0.0000
-0.4571 0.4637 0.0000
-0.4044 0.4198 0.0000
-0.3297 0.3890 0.0000
-0.2462 0.3978 0.0000
-0.1758 0.4330 0.0000
0.2110 0.4286 0.0000
0.2725 0.3978 0.0000
0.3692 0.3978 0.0000
0.4264 0.4286 0.0000
0.4923 0.4681 0.0000
0.0396 0.8462 0.0000
0.0396 0.9165 0.0000
0.0484 0.9736 0.0000
0.0484 1.0440 0.0000
-0.0703 1.0615 0.0000
-0.0176 1.1055 0.0000
0.0440 1.1407 0.0000
0.1055 1.1143 0.0000
0.1495 1.0527 0.0000
-0.4659 0.6835 0.0000
-0.4044 0.5956 0.0000
-0.2110 0.5824 0.0000
-0.1319 0.6703 0.0000
-0.1934 0.7934 0.0000
-0.3736 0.7934 0.0000
0.1934 0.6659 0.0000
0.2681 0.5824 0.0000
0.4571 0.5912 0.0000
0.5363 0.6835 0.0000
0.4484 0.7978 0.0000
0.2989 0.8022 0.0000
-0.2066 1.2989 0.0000
-0.1275 1.2681 0.0000
-0.0132 1.2418 0.0000
0.0440 1.2374 0.0000
0.1275 1.2374 0.0000
0.2374 1.2593 0.0000
0.3077 1.2813 0.0000
0.2593 1.3824 0.0000
0.1670 1.4835 0.0000
0.0440 1.5011 0.0000
-0.0659 1.4835 0.0000
-0.1582 1.3912 0.0000
-0.2091 1.2901 0.0000
-0.0835 1.2549 0.0000
0.0396 1.2374 0.0000
0.1714 1.2462 0.0000
0.3159 1.2813 0.0000
0.2455 1.4465 0.0000
0.0440 1.5225 0.0000
-0.1444 1.4352 0.0000
