255.4768 162.8430 1.0
260.9153 208.6822 1.0
267.9077 256.8522 1.0
274.1232 317.4532 1.0
281.8926 357.8538 1.0
299.7621 405.2469 1.0
328.5087 435.5474 1.0
361.1400 458.0785 1.0
404.6484 470.5095 1.0
445.0491 456.5246 1.0
484.6728 428.5550 1.0
510.3117 395.1467 1.0
527.4043 355.5230 1.0
537.5044 307.3530 1.0
539.0583 252.1906 1.0
539.8352 205.5744 1.0
538.2814 141.8657 1.0
316.0778 234.3210 1.0
325.4010 226.5517 1.0
338.6089 221.1131 1.0
353.3707 222.6670 1.0
365.8016 228.8825 1.0
434.1720 228.1056 1.0
445.0491 222.6670 1.0
462.1417 222.6670 1.0
472.2418 228.1056 1.0
483.8959 235.0980 1.0
403.8715 301.9144 1.0
403.8715 314.3454 1.0
405.4254 324.4456 1.0
405.4254 336.8765 1.0
384.4481 339.9843 1.0
393.7713 347.7536 1.0
404.6484 353.9691 1.0
415.5255 349.3075 1.0
423.2949 338.4304 1.0
314.5239 273.1678 1.0
325.4010 257.6291 1.0
359.5861 255.2983 1.0
373.5710 270.8370 1.0
362.6939 292.5912 1.0
330.8395 292.5912 1.0
431.0642 270.0601 1.0
444.2721 255.2983 1.0
477.6804 256.8522 1.0
491.6652 273.1678 1.0
476.1265 293.3681 1.0
449.7107 294.1451 1.0
360.3631 381.9388 1.0
374.3479 376.5003 1.0
394.5483 371.8387 1.0
404.6484 371.0617 1.0
419.4102 371.0617 1.0
438.8336 374.9464 1.0
451.2646 378.8311 1.0
442.7183 396.7006 1.0
426.4026 414.5701 1.0
404.6484 417.6779 1.0
385.2250 414.5701 1.0
366.9094 398.2545 1.0
363.0170 381.3849 1.0
382.1173 379.1695 1.0
403.8715 378.0617 1.0
427.1796 379.6156 1.0
450.7107 381.8311 1.0
437.2797 402.0238 1.0
405.6484 412.4548 1.0
374.3479 402.0238 1.0
