259.6719 283.0354 1.0
258.5899 337.1369 1.0
259.6719 382.5822 1.0
257.5079 433.4377 1.0
259.6719 483.2111 1.0
280.2305 527.5744 1.0
302.9532 563.2814 1.0
336.4961 602.2345 1.0
387.3516 619.5470 1.0
440.3711 609.8087 1.0
476.0781 573.0197 1.0
503.1289 530.8204 1.0
525.8515 486.4572 1.0
526.9336 431.2736 1.0
526.9336 380.4182 1.0
524.7695 331.7268 1.0
524.7695 288.4455 1.0
274.8204 346.8752 1.0
287.8047 332.8088 1.0
304.0352 323.0705 1.0
320.2657 323.0705 1.0
340.8242 325.2346 1.0
439.2891 324.1525 1.0
457.6836 319.8244 1.0
477.1601 319.8244 1.0
493.3906 332.8088 1.0
502.0468 345.7932 1.0
387.3516 365.2697 1.0
387.3516 391.2385 1.0
389.5156 415.0431 1.0
388.4336 442.0939 1.0
353.8086 456.1603 1.0
370.0391 466.9806 1.0
389.5156 468.0627 1.0
410.0742 468.0627 1.0
423.0586 459.4064 1.0
286.7227 378.2541 1.0
301.8711 362.0236 1.0
332.1680 363.1057 1.0
345.1524 377.1721 1.0
330.0039 382.5822 1.0
305.1172 382.5822 1.0
436.0430 379.3361 1.0
450.1094 364.1877 1.0
480.4062 365.2697 1.0
493.3906 380.4182 1.0
478.2422 383.6642 1.0
455.5195 383.6642 1.0
319.1836 489.7033 1.0
341.9063 483.2111 1.0
366.7930 483.2111 1.0
387.3516 481.0470 1.0
412.2383 479.9650 1.0
433.8789 483.2111 1.0
462.0117 490.7853 1.0
446.8633 526.4923 1.0
423.0586 550.2970 1.0
387.3516 557.8712 1.0
359.2188 551.3790 1.0
334.3321 525.4103 1.0
328.9219 492.9494 1.0
362.4649 490.7853 1.0
390.5977 491.8673 1.0
417.6484 490.7853 1.0
449.0273 491.8673 1.0
430.6328 523.2462 1.0
388.4336 535.1486 1.0
346.2344 521.0822 1.0
