-0.8000 -0.0163 -0.8557
-0.8065 0.3102 -0.8711
-0.8000 0.5845 -0.8871
-0.8131 0.8914 -0.8835
-0.8000 1.1918 -0.8138
-0.6759 1.4596 -0.6631
-0.5388 1.6751 -0.4768
-0.3363 1.9102 -0.2967
-0.0294 2.0147 -0.2114
0.2906 1.9559 -0.3033
0.5061 1.7339 -0.4839
0.6694 1.4792 -0.6684
0.8065 1.2114 -0.8159
0.8131 0.8784 -0.8807
0.8131 0.5714 -0.8824
0.8000 0.2776 -0.8666
0.8000 0.0163 -0.8501
-0.7086 0.3690 -0.0738
-0.6302 0.2841 0.0527
-0.5322 0.2253 0.1346
-0.4343 0.2253 0.1808
-0.3102 0.2384 0.1918
0.2841 0.2318 0.1986
0.3951 0.2057 0.1886
0.5127 0.2057 0.1452
0.6106 0.2841 0.0664
0.6629 0.3624 -0.0619
-0.0294 0.4800 0.1415
-0.0294 0.6367 0.2018
-0.0163 0.7804 0.2893
-0.0229 0.9437 0.2894
-0.2318 1.0286 0.0735
-0.1339 1.0939 0.1024
-0.0163 1.1004 0.1173
0.1078 1.1004 0.1016
0.1861 1.0482 0.0713
-0.6367 0.5584 -0.0058
-0.5453 0.4604 0.0834
-0.3624 0.4669 0.0888
-0.2841 0.5518 0.0487
-0.3755 0.5845 0.0764
-0.5257 0.5845 0.0570
0.2645 0.5649 0.0574
0.3494 0.4735 0.0997
0.5322 0.4800 0.0966
0.6106 0.5714 0.0058
0.5192 0.5910 0.0661
0.3820 0.5910 0.0849
-0.4408 1.2310 -0.1399
-0.3037 1.1918 0.0106
-0.1535 1.1918 0.1013
-0.0294 1.1788 0.1112
0.1208 1.1722 0.1024
0.2514 1.1918 0.0080
0.4212 1.2376 -0.1486
0.3298 1.4531 -0.0193
0.1861 1.5967 0.0498
-0.0294 1.6424 0.0609
-0.1992 1.6033 0.0515
-0.3494 1.4465 -0.0166
-0.3820 1.2506 -0.1429
-0.1796 1.2376 0.0396
-0.0098 1.2441 0.0642
0.1535 1.2376 0.0391
0.3429 1.2441 -0.1528
0.2318 1.4335 0.0391
-0.0229 1.5053 0.0642
-0.2776 1.4204 0.0396
