2 57 1
57 2 3
0 57 56
57 0 1
32 49 31
49 32 50
1 0 18
50 33 34
33 50 32
57 3 4
2 1 17
28 39 27
39 28 29
3 2 36
54 49 50
49 54 55
57 5 58
5 57 4
4 3 48
34 30 35
30 34 33
58 5 6
5 4 48
29 31 40
31 29 30
58 6 7
6 5 55
13 46 45
46 13 35
7 59 58
59 7 8
7 6 55
47 44 46
44 47 43
59 8 9
8 7 54
11 60 10
60 11 61
9 8 54
10 60 9
10 9 53
21 27 38
27 21 22
61 11 12
11 10 53
18 37 17
37 18 19
61 12 13
12 11 52
17 37 36
61 13 14
13 12 52
27 39 38
61 14 15
14 13 45
1 18 17
61 15 16
15 14 26
38 40 41
40 38 39
62 61 16
16 15 25
63 23 22
23 63 16
37 19 20
2 17 36
18 0 19
42 35 29
35 42 47
19 0 20
20 0 21
63 21 0
21 63 22
42 27 22
27 42 28
20 21 38
42 22 43
44 25 26
25 44 24
44 23 24
23 44 43
22 23 43
23 16 24
16 25 24
25 15 26
26 14 45
3 36 41
31 41 40
41 31 3
35 30 29
3 31 48
29 28 42
51 35 52
35 51 34
55 5 48
9 54 53
49 55 48
31 30 32
32 30 33
52 53 51
53 52 11
52 35 13
38 41 37
36 37 41
37 20 38
39 29 40
46 44 45
42 43 47
44 26 45
46 35 47
48 31 49
7 55 54
50 34 51
51 54 50
54 51 53
0 56 63
59 9 60
62 16 63
