-0.8000 -0.1451 -0.8557
-0.8627 0.0118 -0.8711
-0.8863 0.2000 -0.8871
-0.9176 0.4353 -0.8835
-0.8784 0.5843 -0.8138
-0.7686 0.7255 -0.6631
-0.6196 0.7882 -0.4768
-0.4078 0.8588 -0.2967
-0.2196 0.9216 -0.2114
0.0078 0.9608 -0.3033
0.2510 1.0235 -0.4839
0.4863 1.0392 -0.6684
0.6667 0.9294 -0.8159
0.7373 0.7647 -0.8807
0.7686 0.4980 -0.8824
0.7686 0.3020 -0.8666
0.8000 0.1451 -0.8501
-0.4784 -0.1216 -0.0738
-0.3922 -0.1294 0.0527
-0.2980 -0.1373 0.1346
-0.2353 -0.0824 0.1808
-0.1882 -0.0039 0.1918
0.1490 0.0196 0.1986
0.2353 -0.0039 0.1886
0.3294 -0.0118 0.1452
0.4157 -0.0196 0.0664
0.5333 0.0588 -0.0619
-0.0314 0.2627 0.1415
-0.0392 0.3098 0.2018
-0.0627 0.3725 0.2893
-0.0784 0.4275 0.2894
-0.1804 0.4588 0.0735
-0.1412 0.4824 0.1024
-0.1098 0.5216 0.1173
-0.0549 0.5137 0.1016
-0.0157 0.4980 0.0713
-0.5255 0.0980 -0.0058
-0.4235 0.0824 0.0834
-0.2824 0.1451 0.0888
-0.2039 0.2314 0.0487
-0.3451 0.2471 0.0764
-0.4314 0.1922 0.0570
0.1255 0.3176 0.0574
0.2039 0.2235 0.0997
0.3294 0.2000 0.0966
0.4627 0.1686 0.0058
0.3922 0.2863 0.0661
0.2431 0.3412 0.0849
-0.5412 0.5294 -0.1399
-0.3765 0.5059 0.0106
-0.2510 0.5216 0.1013
-0.1255 0.5373 0.1112
0.0157 0.5686 0.1024
0.1412 0.6157 0.0080
0.3451 0.6941 -0.1486
0.1490 0.7804 -0.0193
0.0078 0.7804 0.0498
-0.1490 0.7725 0.0609
-0.2745 0.7333 0.0515
-0.4078 0.6784 -0.0166
-0.5255 0.5373 -0.1429
-0.3137 0.5294 0.0396
-0.1098 0.5451 0.0642
0.0784 0.5922 0.0391
0.3137 0.7020 -0.1528
0.0784 0.7647 0.0391
-0.1490 0.7569 0.0642
-0.3373 0.6941 0.0396
