264.8560 503.0670 1.0
251.9490 535.3346 1.0
247.1088 574.0556 1.0
240.6553 622.4569 1.0
248.7222 653.1110 1.0
271.3095 682.1518 1.0
301.9636 695.0588 1.0
345.5248 709.5792 1.0
384.2458 722.4862 1.0
431.0337 730.5531 1.0
481.0484 743.4601 1.0
529.4497 746.6869 1.0
566.5573 724.0996 1.0
581.0777 690.2187 1.0
587.5312 635.3639 1.0
587.5312 595.0295 1.0
593.9847 562.7620 1.0
331.0044 507.9072 1.0
348.7515 506.2938 1.0
368.1121 504.6804 1.0
381.0191 515.9740 1.0
390.6993 532.1078 1.0
460.0745 536.9479 1.0
477.8216 532.1078 1.0
497.1822 530.4944 1.0
514.9293 528.8811 1.0
539.1300 545.0148 1.0
422.9669 586.9626 1.0
421.3535 596.6429 1.0
416.5133 609.5499 1.0
413.2866 620.8435 1.0
392.3127 627.2970 1.0
400.3796 632.1371 1.0
406.8331 640.2040 1.0
418.1267 638.5906 1.0
426.1936 635.3639 1.0
321.3241 553.0817 1.0
342.2980 549.8549 1.0
371.3388 562.7620 1.0
387.4726 580.5091 1.0
358.4318 583.7358 1.0
340.6847 572.4422 1.0
455.2344 598.2562 1.0
471.3681 578.8957 1.0
497.1822 574.0556 1.0
524.6096 567.6021 1.0
510.0892 591.8027 1.0
479.4350 603.0964 1.0
318.0974 641.8174 1.0
351.9783 636.9773 1.0
377.7923 640.2040 1.0
403.6063 643.4308 1.0
432.6471 649.8843 1.0
458.4611 659.5645 1.0
500.4089 675.6983 1.0
460.0745 693.4454 1.0
431.0337 693.4454 1.0
398.7662 691.8321 1.0
372.9522 683.7652 1.0
345.5248 672.4715 1.0
321.3241 643.4308 1.0
364.8853 641.8174 1.0
406.8331 645.0441 1.0
445.5541 654.7244 1.0
493.9554 677.3117 1.0
445.5541 690.2187 1.0
398.7662 688.6053 1.0
360.0452 675.6983 1.0
