-0.8000 0.0035 -0.8557
-0.7504 0.4425 -0.8711
-0.7080 0.9027 -0.8871
-0.5593 1.2425 -0.8835
-0.5097 1.4973 -0.8138
-0.4319 1.7876 -0.6631
-0.3044 2.0425 -0.4768
-0.1416 2.4106 -0.2967
0.0283 2.4531 -0.2114
0.3398 2.1982 -0.3033
0.5805 1.8655 -0.4839
0.6584 1.5823 -0.6684
0.6655 1.2496 -0.8159
0.7009 1.0089 -0.8807
0.7858 0.6478 -0.8824
0.7221 0.3575 -0.8666
0.8000 -0.0035 -0.8501
-0.6726 0.2230 -0.0738
-0.5735 0.1664 0.0527
-0.4531 0.1735 0.1346
-0.3611 0.2159 0.1808
-0.2690 0.2726 0.1918
-0.0425 0.2301 0.1986
0.1274 0.1876 0.1886
0.2549 0.1876 0.1452
0.3681 0.2018 0.0664
0.5239 0.2655 -0.0619
-0.1699 0.4637 0.1415
-0.1770 0.5912 0.2018
-0.1841 0.7327 0.2893
-0.1770 0.8956 0.2894
-0.4531 1.0018 0.0735
-0.3044 1.0584 0.1024
-0.1699 1.1080 0.1173
-0.0212 1.0372 0.1016
0.2336 0.9451 0.0713
-0.6230 0.4071 -0.0058
-0.5522 0.3150 0.0834
-0.3681 0.3363 0.0888
-0.2761 0.4283 0.0487
-0.3965 0.4779 0.0764
-0.5239 0.4708 0.0570
0.0354 0.4425 0.0574
0.1062 0.3221 0.0997
0.2973 0.3221 0.0966
0.4743 0.4000 0.0058
0.3681 0.4566 0.0661
0.2053 0.4779 0.0849
-0.4319 1.3912 -0.1399
-0.3398 1.4283 0.0106
-0.2195 1.4513 0.1013
-0.1204 1.4832 0.1112
0.0425 1.4212 0.1024
0.2407 1.4089 0.0080
0.4035 1.3982 -0.1486
0.3115 1.6366 -0.0193
0.2195 1.7974 0.0498
0.0354 1.8697 0.0609
-0.1416 1.8586 0.0515
-0.3398 1.6665 -0.0166
-0.3398 1.4690 -0.1429
-0.2166 1.5512 0.0396
-0.0651 1.5667 0.0642
0.1359 1.4662 0.0391
0.3186 1.3912 -0.1528
0.1665 1.4891 0.0391
-0.0362 1.5909 0.0642
-0.2064 1.5741 0.0396
