1 69 0
69 1 2
0 69 68
60 5 4
5 60 59
1 0 17
31 32 3
32 31 30
69 2 3
2 1 41
60 4 48
69 3 4
3 2 31
53 64 63
64 53 54
69 4 5
4 3 48
57 8 7
8 57 9
69 6 70
6 69 5
9 57 56
70 6 7
6 5 59
61 67 60
67 61 62
7 71 70
71 7 8
7 6 58
71 8 9
9 72 71
72 9 10
30 33 32
33 30 34
10 73 72
73 10 11
10 9 56
29 35 34
35 29 47
13 73 12
73 13 14
11 10 55
29 40 28
40 29 31
12 73 11
12 11 54
20 38 19
38 20 21
13 12 35
18 37 17
37 18 19
73 14 16
14 13 35
17 36 1
36 17 37
14 15 16
15 14 45
22 20 19
20 22 21
16 15 26
75 0 68
0 75 19
74 73 16
17 0 18
0 19 18
22 19 23
23 19 75
27 42 28
42 27 22
41 1 36
42 22 43
46 44 45
44 46 47
25 44 24
44 25 45
21 22 27
43 22 23
24 75 16
75 24 23
29 42 47
42 29 28
23 24 43
24 16 25
15 45 26
25 16 26
25 26 45
31 41 40
41 31 2
21 27 39
27 28 39
14 46 45
46 14 35
29 34 30
31 29 30
52 34 35
34 52 33
50 61 49
61 50 51
3 32 49
3 49 48
33 50 32
50 33 51
55 10 56
35 12 53
38 40 41
40 38 39
38 41 37
19 38 37
36 37 41
38 21 39
39 28 40
24 44 43
42 43 47
43 44 47
46 35 47
49 32 50
48 49 60
60 49 61
51 33 52
62 51 63
51 62 61
63 51 52
52 35 53
52 53 63
53 12 54
11 55 54
56 65 55
65 56 66
54 55 65
66 57 58
57 66 56
6 59 67
57 7 58
58 6 67
59 60 67
65 64 54
64 65 63
63 65 62
62 65 66
62 66 67
58 67 66
74 16 75
