114.5428 172.8701 1.0
120.4616 225.2938 1.0
125.5348 280.2541 1.0
143.2912 320.8402 1.0
149.2100 351.2797 1.0
158.5110 385.9470 1.0
173.7308 416.3866 1.0
193.1783 460.3548 1.0
213.4713 465.4280 1.0
250.6752 434.9885 1.0
279.4237 395.2480 1.0
288.7246 361.4263 1.0
289.5702 321.6857 1.0
293.7979 292.9373 1.0
303.9444 249.8146 1.0
296.3345 215.1473 1.0
305.6355 172.0246 1.0
129.7625 199.0820 1.0
141.6002 192.3176 1.0
155.9744 193.1632 1.0
166.9664 198.2364 1.0
177.9585 205.0008 1.0
205.0159 199.9275 1.0
225.3089 194.8543 1.0
240.5287 194.8543 1.0
254.0574 196.5454 1.0
272.6593 204.1552 1.0
189.7961 227.8304 1.0
188.9506 243.0502 1.0
188.1050 259.9611 1.0
188.9506 279.4086 1.0
155.9744 292.0917 1.0
173.7308 298.8561 1.0
189.7961 304.7749 1.0
207.5525 296.3194 1.0
237.9921 285.3274 1.0
135.6813 221.0661 1.0
144.1368 210.0740 1.0
166.1209 212.6107 1.0
177.1130 223.6027 1.0
162.7387 229.5215 1.0
147.5190 228.6760 1.0
214.3169 225.2938 1.0
222.7723 210.9196 1.0
245.6019 210.9196 1.0
266.7405 220.2206 1.0
254.0574 226.9849 1.0
234.6099 229.5215 1.0
158.5110 338.5966 1.0
169.5031 328.4501 1.0
183.8773 320.8402 1.0
195.7149 325.9134 1.0
215.1624 319.1491 1.0
238.8376 326.7590 1.0
258.2851 339.4421 1.0
247.2930 382.5648 1.0
236.3010 411.3133 1.0
214.3169 420.6143 1.0
193.1783 420.6143 1.0
169.5031 386.7925 1.0
169.5031 347.8976 1.0
182.1862 339.4421 1.0
196.5604 340.2877 1.0
220.2357 329.2956 1.0
248.1386 338.5966 1.0
235.4554 374.9549 1.0
210.9347 388.4836 1.0
187.2595 385.1015 1.0
