-0.8000 -0.2155 -0.8557
-0.9063 -0.0384 -0.8711
-0.9181 0.1683 -0.8871
-0.9122 0.3277 -0.8835
-0.9063 0.4871 -0.8138
-0.8827 0.6465 -0.6631
-0.8354 0.8236 -0.4768
-0.7646 0.9712 -0.2967
-0.5934 1.1070 -0.2114
-0.3749 1.1483 -0.3033
-0.1269 1.1188 -0.4839
0.0856 1.0421 -0.6684
0.2863 0.9122 -0.8159
0.4812 0.8413 -0.8807
0.7292 0.6229 -0.8824
0.8236 0.4399 -0.8666
0.8000 0.2155 -0.8501
-0.5993 -0.4812 -0.0738
-0.4989 -0.4753 0.0527
-0.4221 -0.4812 0.1346
-0.3277 -0.4576 0.1808
-0.2391 -0.4221 0.1918
0.0502 -0.3985 0.1986
0.1801 -0.3690 0.1886
0.2804 -0.3395 0.1452
0.3985 -0.2863 0.0664
0.4753 -0.2273 -0.0619
-0.2096 -0.2332 0.1415
-0.2509 -0.0974 0.2018
-0.2923 0.0148 0.2893
-0.3454 0.1033 0.2894
-0.4458 0.1742 0.0735
-0.4517 0.2391 0.1024
-0.4103 0.3100 0.1173
-0.3572 0.2982 0.1016
-0.3100 0.2804 0.0713
-0.6465 -0.2155 -0.0058
-0.5284 -0.2804 0.0834
-0.3808 -0.2568 0.0888
-0.3041 -0.1446 0.0487
-0.4339 -0.0679 0.0764
-0.5756 -0.0856 0.0570
-0.0384 -0.1033 0.0574
0.1092 -0.1624 0.0997
0.2568 -0.0915 0.0966
0.3277 0.0325 0.0058
0.2096 0.1151 0.0661
0.0148 0.0620 0.0849
-0.5934 0.4162 -0.1399
-0.5343 0.4419 0.0106
-0.4576 0.4838 0.1013
-0.3926 0.4951 0.1112
-0.3218 0.5160 0.1024
-0.2037 0.5249 0.0080
-0.1033 0.5461 -0.1486
-0.1978 0.5931 -0.0193
-0.3218 0.6269 0.0498
-0.4458 0.6188 0.0609
-0.5048 0.5819 0.0515
-0.5815 0.4803 -0.0166
-0.5945 0.4046 -0.1429
-0.5122 0.4862 0.0396
-0.4113 0.5332 0.0642
-0.2661 0.5484 0.0391
-0.1071 0.5325 -0.1528
-0.2661 0.5969 0.0391
-0.4300 0.5929 0.0642
-0.5346 0.5285 0.0396
