37 18 19
18 37 17
31 40 30
40 31 41
17 56 63
56 17 0
0 1 56
1 0 41
56 1 57
1 2 57
2 1 41
41 0 36
2 3 57
3 2 48
54 9 8
9 54 53
4 57 3
57 4 5
4 3 48
54 7 6
7 54 8
5 4 55
50 54 49
54 50 53
57 5 6
6 5 55
31 34 32
34 31 35
57 6 58
6 7 58
35 31 30
58 7 8
2 31 32
31 2 41
8 59 58
59 8 9
47 43 44
43 47 42
9 10 59
10 9 53
59 13 60
13 59 12
10 11 59
11 10 53
37 40 41
40 37 38
12 59 11
12 11 52
19 38 37
38 19 20
14 60 13
60 14 61
13 12 52
46 44 45
44 46 47
14 13 46
16 46 45
46 16 15
61 14 15
15 14 46
29 47 35
47 29 42
61 15 16
36 17 37
17 36 0
16 62 61
62 16 26
63 18 17
18 63 19
21 38 20
38 21 27
39 40 38
40 39 29
22 63 23
63 22 21
63 62 25
27 22 42
22 27 21
20 19 63
20 63 21
42 22 43
27 42 28
63 24 23
24 63 25
23 43 22
43 23 24
25 62 26
29 35 30
24 25 44
26 16 45
25 26 44
27 28 39
47 52 35
52 47 46
28 29 39
29 28 42
32 34 33
2 32 48
29 30 40
53 50 51
48 32 33
55 49 54
49 55 48
6 55 54
33 50 49
50 33 34
50 34 51
11 53 52
34 35 51
46 13 52
36 37 41
27 39 38
24 44 43
44 26 45
35 52 51
48 33 49
55 4 48
52 53 51
