195.6521 91.5427 1.0
181.5925 114.9756 1.0
180.0303 142.3138 1.0
180.8114 163.4034 1.0
181.5925 184.4929 1.0
184.7168 205.5824 1.0
190.9656 229.0152 1.0
200.3387 248.5426 1.0
222.9904 266.5077 1.0
251.8909 271.9754 1.0
284.6968 268.0699 1.0
312.8162 257.9157 1.0
339.3734 240.7316 1.0
365.1495 231.3585 1.0
397.9554 202.4580 1.0
410.4529 178.2441 1.0
407.3285 148.5626 1.0
222.2093 56.3935 1.0
235.4879 57.1746 1.0
245.6421 56.3935 1.0
258.1396 59.5179 1.0
269.8560 64.2045 1.0
308.1296 67.3288 1.0
325.3137 71.2343 1.0
338.5923 75.1398 1.0
354.2142 82.1696 1.0
364.3684 89.9806 1.0
273.7615 89.1995 1.0
268.2939 107.1646 1.0
262.8262 122.0054 1.0
255.7964 133.7218 1.0
242.5178 143.0949 1.0
241.7367 151.6870 1.0
247.2043 161.0601 1.0
254.2342 159.4979 1.0
260.4829 157.1546 1.0
215.9606 91.5427 1.0
231.5825 82.9507 1.0
251.1098 86.0751 1.0
261.2640 100.9159 1.0
244.0800 111.0701 1.0
225.3337 108.7268 1.0
296.4132 106.3835 1.0
315.9406 98.5726 1.0
335.4679 107.9457 1.0
344.8410 124.3487 1.0
329.2192 135.2840 1.0
303.4431 128.2541 1.0
222.9904 175.1198 1.0
230.8014 177.4630 1.0
240.9556 181.3685 1.0
249.5476 182.1496 1.0
258.9207 185.2740 1.0
274.5426 187.6173 1.0
287.8212 192.3038 1.0
275.3237 200.1148 1.0
258.9207 205.5824 1.0
242.5178 204.8013 1.0
234.7068 199.3337 1.0
224.5526 184.4929 1.0
222.8383 173.5807 1.0
237.0149 178.1538 1.0
249.8196 181.8123 1.0
266.2827 185.4707 1.0
287.3189 190.5011 1.0
266.2827 200.3058 1.0
242.9599 200.7631 1.0
228.7833 190.7023 1.0