-0.8000 0.0000 -0.8557
-1.0581 0.2237 -0.8711
-1.2817 0.5333 -0.8871
-1.3849 0.9118 -0.8835
-1.4021 1.3419 -0.8138
-1.2645 1.8925 -0.6631
-0.8000 2.4086 -0.4768
-0.4387 2.4430 -0.2967
0.0258 2.4086 -0.2114
0.4387 2.4258 -0.3033
0.8344 2.3914 -0.4839
1.3505 1.8581 -0.6684
1.5398 1.1527 -0.8159
1.4710 0.8258 -0.8807
1.3161 0.5677 -0.8824
1.0409 0.1892 -0.8666
0.8000 0.0000 -0.8501
-0.8172 0.4129 -0.0738
-0.6624 0.3957 0.0527
-0.5247 0.3785 0.1346
-0.3527 0.3785 0.1808
-0.1290 0.3785 0.1918
0.1634 0.3785 0.1986
0.3699 0.3785 0.1886
0.5763 0.3785 0.1452
0.7140 0.3785 0.0664
0.8860 0.3785 -0.0619
-0.0086 1.3591 0.1415
-0.0086 1.3591 0.2018
-0.0086 1.3591 0.2893
-0.0086 1.3591 0.2894
-0.0086 1.3591 0.0735
-0.0086 1.3591 0.1024
-0.0086 1.3591 0.1173
-0.0086 1.3591 0.1016
-0.0086 1.3591 0.0713
-0.6280 0.9290 -0.0058
-0.6280 0.6194 0.0834
-0.4043 0.6022 0.0888
-0.4043 0.9290 0.0487
-0.3871 1.2731 0.0764
-0.6108 1.3247 0.0570
0.4559 0.9806 0.0574
0.4387 0.6882 0.0997
0.6452 0.6538 0.0966
0.6796 0.9978 0.0058
0.7140 1.2387 0.0661
0.4731 1.2387 0.0849
-0.2495 1.9785 -0.1399
-0.2495 1.8753 0.0106
-0.1634 1.7548 0.1013
0.0086 1.7032 0.1112
0.1462 1.7204 0.1024
0.2839 1.9097 0.0080
0.3011 2.0129 -0.1486
0.3011 2.1333 -0.0193
0.1462 2.2366 0.0498
0.0086 2.2366 0.0609
-0.0946 2.2366 0.0515
-0.2323 2.1333 -0.0166
-0.2323 2.0129 -0.1429
-0.1806 1.8409 0.0396
0.0086 1.7032 0.0642
0.2323 1.8237 0.0391
0.2839 2.0129 -0.1528
0.2667 2.1849 0.0391
0.0086 2.2021 0.0642
-0.1634 2.1849 0.0396
