64 63 67
17 2 1
2 17 37
0 65 66
65 0 1
1 0 17
65 1 2
3 36 4
36 3 2
57 65 2
65 57 56
2 3 57
3 4 57
48 41 49
41 48 5
57 4 58
4 5 58
5 4 41
37 38 39
38 37 19
58 5 6
6 5 48
37 17 18
61 59 6
59 61 60
6 7 61
7 6 48
0 18 17
18 0 19
7 8 61
8 7 55
39 22 43
22 39 21
61 8 9
9 8 53
47 51 35
51 47 46
9 10 61
10 9 52
10 62 61
62 10 63
10 11 63
11 10 52
47 45 46
45 47 42
63 11 12
12 11 46
52 54 51
54 52 53
63 12 13
13 12 46
49 41 40
67 63 13
13 14 67
14 13 45
41 36 40
36 41 4
14 15 67
15 14 26
15 16 67
16 15 26
0 16 21
16 0 66
38 19 20
36 2 37
19 0 20
20 0 21
18 19 37
39 43 42
21 16 22
50 35 51
35 50 49
20 21 38
22 16 23
43 22 23
23 16 24
44 24 25
24 44 43
24 16 25
44 45 42
45 44 14
23 24 43
25 16 26
14 44 26
25 26 44
39 42 35
51 49 50
49 51 54
21 39 38
40 39 35
39 40 36
36 37 39
40 35 49
35 42 47
42 43 44
45 13 46
46 11 52
46 52 51
49 54 48
8 55 54
7 48 55
52 9 53
53 8 54
48 54 55
58 6 59
67 16 66
