247.4327 163.2110 1.0
236.5785 172.6180 1.0
227.1715 185.6431 1.0
222.8298 201.5627 1.0
222.1062 219.6531 1.0
227.8951 242.8088 1.0
247.4327 264.5173 1.0
262.6287 265.9646 1.0
282.1663 264.5173 1.0
299.5331 265.2409 1.0
316.1763 263.7937 1.0
337.8848 241.3616 1.0
345.8446 211.6933 1.0
342.9501 197.9446 1.0
336.4376 187.0904 1.0
324.8597 171.1708 1.0
314.7291 163.2110 1.0
246.7091 180.5778 1.0
253.2217 179.8542 1.0
259.0106 179.1306 1.0
266.2468 179.1306 1.0
275.6538 179.1306 1.0
287.9553 179.1306 1.0
296.6387 179.1306 1.0
305.3221 179.1306 1.0
311.1110 179.1306 1.0
318.3472 179.1306 1.0
280.7191 220.3767 1.0
280.7191 220.3767 1.0
280.7191 220.3767 1.0
280.7191 220.3767 1.0
280.7191 220.3767 1.0
280.7191 220.3767 1.0
280.7191 220.3767 1.0
280.7191 220.3767 1.0
280.7191 220.3767 1.0
254.6689 202.2863 1.0
254.6689 189.2612 1.0
264.0759 188.5376 1.0
264.0759 202.2863 1.0
264.7995 216.7586 1.0
255.3925 218.9295 1.0
300.2568 204.4572 1.0
299.5331 192.1557 1.0
308.2165 190.7084 1.0
309.6638 205.1808 1.0
311.1110 215.3114 1.0
300.9804 215.3114 1.0
270.5885 246.4269 1.0
270.5885 242.0852 1.0
274.2066 237.0199 1.0
281.4427 234.8490 1.0
287.2317 235.5727 1.0
293.0206 243.5324 1.0
293.7442 247.8741 1.0
293.7442 252.9395 1.0
287.2317 257.2812 1.0
281.4427 257.2812 1.0
277.1010 257.2812 1.0
271.3121 252.9395 1.0
271.3121 247.8741 1.0
273.4829 240.6380 1.0
281.4427 234.8490 1.0
290.8497 239.9144 1.0
293.0206 247.8741 1.0
292.2970 255.1103 1.0
281.4427 255.8339 1.0
274.2066 255.1103 1.0
