71.4860 298.8474 1.0
60.2141 344.8021 1.0
79.2896 382.0861 1.0
119.1749 417.6360 1.0
147.7882 443.6481 1.0
166.8637 471.3944 1.0
200.6795 483.5334 1.0
229.2928 502.6089 1.0
260.5073 504.3431 1.0
294.3231 493.9382 1.0
321.2023 464.4578 1.0
343.7461 445.3823 1.0
362.8216 415.9019 1.0
381.0301 380.3520 1.0
405.3081 350.8716 1.0
426.9848 310.1193 1.0
415.7129 265.0316 1.0
126.1114 310.9864 1.0
143.4528 289.3096 1.0
166.8637 279.7718 1.0
186.8064 284.1072 1.0
208.4831 291.0437 1.0
263.1085 291.0437 1.0
283.0512 281.5060 1.0
298.6584 271.1011 1.0
324.6705 261.5633 1.0
350.6826 282.3730 1.0
238.8306 312.7205 1.0
240.5647 331.7960 1.0
242.2989 347.4033 1.0
244.0330 367.3459 1.0
204.1478 372.5484 1.0
224.9574 383.8203 1.0
245.7671 394.2251 1.0
263.9756 379.4849 1.0
280.4499 365.6118 1.0
152.1235 323.9924 1.0
163.3955 313.5876 1.0
185.0722 305.7839 1.0
205.0148 313.5876 1.0
191.1417 323.9924 1.0
169.4649 326.5936 1.0
279.5829 311.8534 1.0
295.1901 294.5120 1.0
319.4681 300.5815 1.0
336.8095 306.6510 1.0
321.2023 311.8534 1.0
299.5255 313.5876 1.0
181.6039 406.3641 1.0
210.2173 409.8324 1.0
233.6281 402.8958 1.0
252.7037 405.4970 1.0
270.0451 396.8263 1.0
292.5889 395.0922 1.0
317.7340 391.6239 1.0
299.5255 417.6360 1.0
284.7853 441.0469 1.0
257.0390 447.1164 1.0
233.6281 446.2493 1.0
207.6160 430.6421 1.0
211.0843 421.1043 1.0
233.6281 417.6360 1.0
253.5708 418.5031 1.0
270.9122 415.9019 1.0
291.7219 408.9653 1.0
275.2475 423.7055 1.0
255.3049 429.7750 1.0
235.3623 425.4396 1.0
