-0.8000 0.0786 -0.8557
-0.8524 0.2922 -0.8711
-0.7637 0.4655 -0.8871
-0.5783 0.6307 -0.8835
-0.4453 0.7516 -0.8138
-0.3567 0.8806 -0.6631
-0.1995 0.9370 -0.4768
-0.0665 1.0257 -0.2967
0.0786 1.0338 -0.2114
0.2358 0.9854 -0.3033
0.3607 0.8484 -0.4839
0.4655 0.7597 -0.6684
0.5542 0.6227 -0.8159
0.6388 0.4574 -0.8807
0.7516 0.3204 -0.8824
0.8524 0.1310 -0.8666
0.8000 -0.0786 -0.8501
-0.5461 0.1350 -0.0738
-0.4655 0.0343 0.0527
-0.3567 -0.0101 0.1346
-0.2640 0.0101 0.1808
-0.1632 0.0423 0.1918
0.0907 0.0423 0.1986
0.1834 -0.0020 0.1886
0.2559 -0.0504 0.1452
0.3768 -0.0947 0.0664
0.4977 0.0020 -0.0619
-0.0222 0.1431 0.1415
-0.0141 0.2317 0.2018
-0.0060 0.3043 0.2893
0.0020 0.3970 0.2894
-0.1834 0.4212 0.0735
-0.0867 0.4736 0.1024
0.0101 0.5219 0.1173
0.0947 0.4534 0.1016
0.1713 0.3889 0.0713
-0.4252 0.1955 -0.0058
-0.3728 0.1471 0.0834
-0.2720 0.1108 0.0888
-0.1793 0.1471 0.0487
-0.2438 0.1955 0.0764
-0.3446 0.2076 0.0570
0.1673 0.1390 0.0574
0.2398 0.0584 0.0997
0.3526 0.0866 0.0966
0.4332 0.1149 0.0058
0.3607 0.1390 0.0661
0.2599 0.1471 0.0849
-0.2882 0.5783 -0.1399
-0.1552 0.6331 0.0106
-0.0463 0.6428 0.1013
0.0423 0.6517 0.1112
0.1229 0.6162 0.1024
0.2277 0.5679 0.0080
0.3446 0.5098 -0.1486
0.2599 0.5930 -0.0193
0.1914 0.6656 0.0498
0.0625 0.6981 0.0609
-0.0463 0.6912 0.0515
-0.1673 0.6564 -0.0166
-0.1511 0.6469 -0.1429
-0.0431 0.6507 0.0396
0.0496 0.6636 0.0642
0.1350 0.6426 0.0391
0.2237 0.5904 -0.1528
0.1398 0.6532 0.0391
0.0515 0.6789 0.0642
-0.0412 0.6613 0.0396
