26 16 15
16 26 25
17 1 0
1 17 2
0 69 18
69 0 70
0 1 70
70 2 71
2 70 1
2 17 36
3 71 2
71 3 4
3 2 36
42 28 27
28 42 29
4 3 48
4 59 5
59 4 48
71 4 5
50 51 61
51 50 33
5 72 71
72 5 73
5 6 73
6 5 59
60 67 59
67 60 61
73 6 7
7 6 58
57 8 7
8 57 9
73 7 8
10 74 9
74 10 11
73 8 9
39 21 27
21 39 38
9 74 73
10 9 56
18 37 36
37 18 19
75 13 14
13 75 12
11 10 55
18 36 17
74 11 12
12 11 54
37 41 36
41 37 38
74 12 75
13 12 54
14 13 45
29 42 35
75 14 15
15 14 26
18 17 0
75 16 76
16 75 15
38 40 41
40 38 39
29 40 28
40 29 31
30 35 34
35 30 29
69 19 18
19 69 77
23 24 43
24 23 21
42 27 22
19 20 38
20 19 78
24 21 20
20 21 38
21 23 22
44 47 43
47 44 46
21 22 27
23 43 42
44 24 25
24 44 43
22 23 42
24 20 78
45 13 54
78 19 77
16 25 79
25 24 78
79 25 78
26 14 45
25 26 44
31 29 30
27 28 39
54 46 45
46 54 35
48 3 36
52 35 53
35 52 34
59 48 60
57 65 56
65 57 66
62 67 61
67 62 66
31 30 32
41 48 36
48 41 31
32 49 31
49 32 50
32 30 33
33 52 51
52 33 34
32 33 50
33 30 34
54 55 64
55 54 11
35 54 53
37 19 38
28 40 39
40 31 41
35 42 47
42 43 47
44 26 45
44 45 46
46 35 47
48 31 49
6 59 58
48 49 60
57 7 58
49 50 61
9 57 56
10 56 55
51 52 63
52 53 64
53 54 64
52 64 63
51 63 62
55 56 65
63 66 62
66 63 65
59 67 58
57 58 66
49 61 60
61 51 62
66 58 67
65 64 55
64 65 63
77 69 68
76 16 79
