-0.8000 -0.0104 -0.8557
-0.7911 0.2152 -0.8711
-0.7763 0.4735 -0.8871
-0.7347 0.6842 -0.8835
-0.6575 0.9039 -0.8138
-0.5447 1.1058 -0.6631
-0.4022 1.2245 -0.4768
-0.2063 1.2928 -0.2967
0.0223 1.3492 -0.2114
0.2479 1.3106 -0.3033
0.4705 1.2007 -0.4839
0.6071 1.0167 -0.6684
0.7109 0.7733 -0.8159
0.7466 0.5981 -0.8807
0.7584 0.4082 -0.8824
0.7822 0.2093 -0.8666
0.8000 0.0104 -0.8501
-0.4942 -0.0163 -0.0738
-0.4082 -0.0134 0.0527
-0.3399 -0.0163 0.1346
-0.2449 -0.0371 0.1808
-0.1766 -0.0341 0.1918
0.1737 -0.0045 0.1986
0.2568 -0.0015 0.1886
0.3132 -0.0163 0.1452
0.3963 -0.0134 0.0664
0.4883 -0.0163 -0.0619
0.0015 0.1766 0.1415
0.0015 0.2479 0.2018
0.0074 0.3280 0.2893
0.0134 0.4111 0.2894
-0.1291 0.4735 0.0735
-0.0549 0.5061 0.1024
0.0371 0.5210 0.1173
0.1529 0.5061 0.1016
0.2419 0.4527 0.0713
-0.4230 0.1558 -0.0058
-0.3933 0.1024 0.0834
-0.3310 0.0994 0.0888
-0.2954 0.1529 0.0487
-0.3221 0.2182 0.0764
-0.3904 0.2212 0.0570
0.2686 0.1469 0.0574
0.2835 0.0965 0.0997
0.3518 0.0935 0.0966
0.3933 0.1499 0.0058
0.3666 0.2152 0.0661
0.2954 0.2152 0.0849
-0.3013 0.9365 -0.1399
-0.2538 0.8178 0.0106
-0.1262 0.8089 0.1013
-0.0282 0.8089 0.1112
0.0727 0.8089 0.1024
0.1915 0.8089 0.0080
0.2449 0.9395 -0.1486
0.2033 1.0968 -0.0193
0.0905 1.0998 0.0498
-0.0163 1.0998 0.0609
-0.1440 1.0879 0.0515
-0.2716 1.0790 -0.0166
-0.2954 0.8786 -0.1429
-0.2538 0.8525 0.0396
-0.0211 0.8454 0.0642
0.1867 0.8422 0.0391
0.2390 0.8726 -0.1528
0.1910 0.9159 0.0391
-0.0204 0.9200 0.0642
-0.2609 0.9223 0.0396
