101.7077 174.8965 1.0
103.1007 210.1846 1.0
105.4223 250.5802 1.0
111.9227 283.5467 1.0
123.9950 317.9061 1.0
141.6390 349.4797 1.0
163.9262 368.0523 1.0
194.5711 378.7316 1.0
230.3235 387.5536 1.0
265.6116 381.5175 1.0
300.4354 364.3378 1.0
321.7939 335.5501 1.0
338.0450 297.4762 1.0
343.6168 270.0815 1.0
345.4741 240.3652 1.0
349.1886 209.2560 1.0
351.9745 178.1467 1.0
149.5324 173.9679 1.0
162.9976 174.4322 1.0
173.6769 173.9679 1.0
188.5350 170.7177 1.0
199.2143 171.1820 1.0
254.0037 175.8252 1.0
267.0045 176.2895 1.0
275.8266 173.9679 1.0
288.8274 174.4322 1.0
303.2213 173.9679 1.0
227.0733 204.1485 1.0
227.0733 215.2921 1.0
228.0019 227.8286 1.0
228.9306 240.8295 1.0
206.6434 250.5802 1.0
218.2513 255.6876 1.0
232.6451 258.0092 1.0
250.7535 255.6876 1.0
264.6830 247.3299 1.0
160.6760 200.8983 1.0
165.3192 192.5406 1.0
175.0698 192.0762 1.0
180.6416 200.4339 1.0
176.4628 210.6489 1.0
165.7835 211.1132 1.0
268.8618 199.5053 1.0
271.1834 191.6119 1.0
281.8627 191.1476 1.0
288.3631 199.9696 1.0
284.1843 210.1846 1.0
273.0407 210.1846 1.0
179.7130 323.0136 1.0
187.1420 304.4409 1.0
207.1077 303.0480 1.0
222.4301 303.0480 1.0
238.2169 303.0480 1.0
256.7896 303.0480 1.0
265.1473 323.4779 1.0
258.6468 348.0867 1.0
241.0028 348.5510 1.0
224.2874 348.5510 1.0
204.3218 346.6938 1.0
184.3561 345.3008 1.0
180.6416 313.9422 1.0
188.9993 305.8339 1.0
223.3588 304.4409 1.0
254.9323 303.9766 1.0
264.2186 313.0136 1.0
257.7182 348.6938 1.0
223.8231 348.6224 1.0
184.3561 348.2294 1.0