17 1 0
1 17 36
1 57 0
57 1 2
0 57 56
51 54 50
54 51 53
55 54 7
54 55 49
57 2 3
2 1 41
3 41 31
41 3 2
3 58 57
58 3 4
3 49 48
49 3 31
58 4 5
4 3 48
35 12 52
12 35 13
58 6 59
6 58 5
5 4 48
39 36 38
36 39 40
59 6 7
6 5 55
39 27 28
27 39 21
59 7 8
7 6 55
38 20 39
20 38 19
8 7 54
60 59 10
10 59 9
8 9 59
9 8 53
60 11 12
11 60 10
10 9 53
28 31 40
31 28 29
60 12 61
11 10 52
38 36 37
61 12 13
12 11 52
1 36 41
14 61 13
61 14 15
36 17 37
14 13 35
18 37 17
37 18 19
61 15 16
15 14 46
30 35 34
35 30 29
16 15 26
62 61 16
17 19 18
19 17 20
17 0 63
63 0 56
28 42 47
42 28 27
35 29 47
22 42 27
42 22 43
20 17 63
20 63 21
63 26 25
26 63 16
20 21 39
63 22 21
22 63 24
28 47 29
21 22 27
23 24 43
24 23 22
23 43 22
45 42 44
42 45 47
63 25 24
15 45 26
45 15 46
24 25 44
25 26 45
16 63 62
31 29 30
35 52 51
33 51 50
51 33 34
10 53 52
49 32 50
32 49 31
54 49 50
31 30 32
49 55 48
32 30 33
35 51 34
32 33 50
33 30 34
14 35 46
44 43 24
43 44 42
31 41 40
37 19 38
39 28 40
36 40 41
44 25 45
47 45 46
46 35 47
5 48 55
8 54 53
53 51 52
