-0.8000 -0.0026 -0.8557
-0.6753 0.1688 -0.8711
-0.6026 0.3247 -0.8871
-0.5091 0.4442 -0.8835
-0.4468 0.5429 -0.8138
-0.3688 0.7506 -0.6631
-0.3169 0.9688 -0.4768
-0.1870 1.1299 -0.2967
0.0104 1.1403 -0.2114
0.2286 1.0987 -0.3033
0.3740 0.9377 -0.4839
0.5091 0.7974 -0.6684
0.5818 0.6156 -0.8159
0.6494 0.4286 -0.8807
0.6649 0.2831 -0.8824
0.7273 0.1584 -0.8666
0.8000 0.0026 -0.8501
-0.6701 -0.1584 -0.0738
-0.5662 -0.2260 0.0527
-0.4260 -0.2623 0.1346
-0.3117 -0.2623 0.1808
-0.2026 -0.2312 0.1918
0.0675 -0.2156 0.1986
0.1870 -0.2468 0.1886
0.3273 -0.2519 0.1452
0.4208 -0.2416 0.0664
0.5506 -0.1584 -0.0619
-0.0623 0.0338 0.1415
-0.0519 0.1221 0.2018
-0.0519 0.2104 0.2893
-0.0571 0.3039 0.2894
-0.2026 0.3455 0.0735
-0.1299 0.3974 0.1024
-0.0416 0.4286 0.1173
0.0571 0.4026 0.1016
0.1403 0.3506 0.0713
-0.5195 -0.0338 -0.0058
-0.4312 -0.1169 0.0834
-0.2805 -0.0961 0.0888
-0.1870 -0.0286 0.0487
-0.2857 0.0130 0.0764
-0.4156 0.0078 0.0570
0.0987 -0.0182 0.0574
0.2026 -0.0701 0.0997
0.3584 -0.0857 0.0966
0.4831 -0.0338 0.0058
0.3792 0.0026 0.0661
0.2286 0.0234 0.0849
-0.2597 0.6883 -0.1399
-0.1610 0.6156 0.0106
-0.0675 0.5688 0.1013
-0.0156 0.5844 0.1112
0.0416 0.5636 0.1024
0.1403 0.6104 0.0080
0.2286 0.6675 -0.1486
0.1403 0.7091 -0.0193
0.0727 0.7247 0.0498
-0.0052 0.7299 0.0609
-0.0883 0.7143 0.0515
-0.1455 0.6987 -0.0166
-0.2442 0.6883 -0.1429
-0.0987 0.6364 0.0396
-0.0156 0.6416 0.0642
0.0675 0.6312 0.0391
0.2130 0.6623 -0.1528
0.0727 0.6364 0.0391
-0.0104 0.6468 0.0642
-0.0987 0.6416 0.0396
