206.9956 409.2046 1.0
240.7208 455.5767 1.0
260.3938 497.7332 1.0
285.6877 530.0531 1.0
302.5503 556.7522 1.0
323.6285 612.9608 1.0
337.6807 671.9799 1.0
372.8110 715.5415 1.0
426.2092 718.3520 1.0
485.2283 707.1102 1.0
524.5743 663.5486 1.0
561.1099 625.6077 1.0
580.7829 576.4252 1.0
599.0507 525.8375 1.0
603.2664 486.4914 1.0
620.1289 452.7663 1.0
639.8020 410.6098 1.0
242.1260 367.0481 1.0
270.2303 348.7803 1.0
308.1711 338.9438 1.0
339.0859 338.9438 1.0
368.5954 347.3751 1.0
441.6666 351.5908 1.0
473.9866 343.1595 1.0
511.9274 341.7542 1.0
537.2212 344.5647 1.0
572.3516 367.0481 1.0
406.5362 419.0411 1.0
409.3466 442.9298 1.0
409.3466 466.8184 1.0
407.9414 492.1123 1.0
368.5954 503.3540 1.0
388.2684 517.4062 1.0
412.1571 525.8375 1.0
438.8562 518.8114 1.0
461.3396 504.7592 1.0
282.8773 400.7733 1.0
306.7659 378.2898 1.0
347.5172 383.9107 1.0
372.8110 402.1785 1.0
346.1120 413.4202 1.0
310.9816 412.0150 1.0
450.0979 404.9889 1.0
478.2022 390.9368 1.0
520.3587 386.7211 1.0
554.0838 400.7733 1.0
525.9795 410.6098 1.0
485.2283 416.2307 1.0
353.1380 596.0982 1.0
379.8371 576.4252 1.0
405.1310 563.7783 1.0
419.1832 567.9939 1.0
434.6405 562.3731 1.0
461.3396 575.0200 1.0
485.2283 590.4774 1.0
461.3396 601.7191 1.0
443.0718 605.9347 1.0
421.9936 607.3399 1.0
399.5101 603.1243 1.0
384.0528 598.9087 1.0
357.3537 596.0982 1.0
396.6997 582.0461 1.0
419.1832 583.4513 1.0
441.6666 580.6409 1.0
481.0126 589.0721 1.0
443.0718 582.0461 1.0
420.5884 584.8565 1.0
396.6997 583.4513 1.0
