36 0 17
0 36 1
2 58 1
58 2 3
57 56 65
31 2 41
2 31 3
1 58 0
31 41 40
5 58 4
58 5 59
2 1 41
35 12 52
12 35 13
4 58 3
32 48 31
48 32 49
4 3 31
48 55 6
55 48 49
0 58 57
5 4 48
6 8 7
8 6 55
6 59 5
59 6 7
6 5 48
8 55 54
61 59 7
59 61 60
35 52 34
8 61 7
61 8 9
11 62 10
62 11 63
9 8 53
62 9 10
9 62 61
10 9 52
47 43 44
43 47 42
63 11 12
11 10 52
47 44 46
12 11 52
36 18 37
18 36 17
63 12 13
63 13 15
13 14 15
14 13 35
37 19 20
19 37 18
15 14 45
38 41 37
41 38 40
63 15 16
16 15 45
23 66 24
66 23 22
64 63 16
41 1 36
17 0 57
17 57 18
22 39 21
39 22 27
18 57 65
40 38 39
19 18 65
22 21 66
20 19 65
66 21 20
22 42 27
42 22 43
20 21 38
27 42 28
23 43 22
43 23 24
43 24 44
20 65 66
24 67 25
67 24 66
45 14 46
24 25 44
67 16 26
16 67 64
25 26 44
26 25 67
26 16 45
29 35 30
35 29 47
29 40 28
40 29 31
27 28 39
30 35 34
4 31 48
29 28 47
34 51 33
51 34 52
29 30 31
50 33 51
33 50 49
50 55 49
55 50 54
31 30 32
32 30 33
52 9 53
32 33 49
33 30 34
14 35 46
28 40 39
36 37 41
37 20 38
38 21 39
28 42 47
44 26 45
44 45 46
46 35 47
51 54 50
54 51 53
53 8 54
51 52 53
