-0.8000 0.0278 -0.8557
-0.8667 0.2056 -0.8711
-0.9222 0.4444 -0.8871
-0.8944 0.7056 -0.8835
-0.8000 0.9500 -0.8138
-0.6222 1.2111 -0.6631
-0.4278 1.4222 -0.4768
-0.2278 1.6000 -0.2967
0.0889 1.6944 -0.2114
0.2889 1.5889 -0.3033
0.5111 1.4222 -0.4839
0.7111 1.1667 -0.6684
0.8222 0.8944 -0.8159
0.9389 0.6222 -0.8807
0.9333 0.3611 -0.8824
0.8889 0.1444 -0.8666
0.8000 -0.0278 -0.8501
-0.3889 0.3500 -0.0738
-0.3611 0.2611 0.0527
-0.3056 0.1722 0.1346
-0.2167 0.1389 0.1808
-0.1444 0.1778 0.1918
0.2333 0.1667 0.1986
0.2944 0.1333 0.1886
0.3833 0.1833 0.1452
0.4500 0.2389 0.0664
0.4833 0.3333 -0.0619
0.0556 0.2444 0.1415
0.0556 0.2833 0.2018
0.0500 0.3056 0.2893
0.0167 0.3000 0.2894
0.0389 0.3111 0.0735
0.0500 0.3222 0.1024
0.0778 0.3222 0.1173
0.0889 0.3111 0.1016
0.0944 0.2889 0.0713
-0.4000 0.6167 -0.0058
-0.3278 0.3889 0.0834
-0.1167 0.3778 0.0888
-0.0056 0.5889 0.0487
-0.0833 0.8056 0.0764
-0.2722 0.8333 0.0570
0.1611 0.5722 0.0574
0.2444 0.3222 0.0997
0.4000 0.3167 0.0966
0.4889 0.5556 0.0058
0.4056 0.8111 0.0661
0.2667 0.8278 0.0849
-0.0222 1.0889 -0.1399
0.0056 1.0767 0.0106
0.0389 1.0644 0.1013
0.0944 1.0567 0.1112
0.1500 1.0644 0.1024
0.1722 1.0844 0.0080
0.1667 1.0889 -0.1486
0.1444 1.1084 -0.0193
0.1056 1.1164 0.0498
0.0611 1.1273 0.0609
0.0111 1.1231 0.0515
-0.0111 1.1060 -0.0166
-0.0111 1.0944 -0.1429
0.0200 1.1008 0.0396
0.0789 1.1008 0.0642
0.1406 1.0947 0.0391
0.1722 1.0778 -0.1528
0.1354 1.1487 0.0391
0.0696 1.1870 0.0642
0.0120 1.1545 0.0396
