18 21 38
21 18 19
2 17 36
17 2 1
0 57 65
57 0 1
1 0 18
2 36 3
57 1 2
57 56 65
57 2 58
2 3 58
29 33 32
33 29 28
58 3 4
4 3 36
32 30 31
30 32 38
58 5 59
5 58 4
5 4 41
49 51 52
51 49 50
59 5 6
6 5 41
54 8 7
8 54 9
59 6 7
7 6 55
36 40 41
40 36 39
61 59 7
59 61 60
7 8 61
61 8 9
30 28 29
28 30 27
63 10 11
10 63 62
9 10 62
10 9 53
4 36 41
11 10 52
63 11 12
12 11 46
21 19 20
63 12 13
13 12 45
18 37 17
37 18 38
63 13 14
14 13 45
1 18 17
63 15 64
15 63 14
15 14 26
0 65 20
64 15 16
16 15 25
24 44 43
44 24 25
22 27 21
27 22 35
18 0 19
24 16 25
16 24 23
19 0 20
23 21 20
21 23 22
20 65 66
24 43 22
33 28 34
24 22 23
16 23 66
23 20 66
25 15 26
26 14 45
25 26 44
42 40 39
40 42 47
34 28 35
27 30 21
28 27 35
29 32 31
30 38 21
47 42 46
48 52 53
52 48 49
30 29 31
6 41 48
33 39 32
39 33 42
43 33 34
33 43 42
22 43 35
35 43 34
36 17 37
32 39 38
36 37 38
36 38 39
52 46 11
46 52 47
6 48 55
48 41 49
41 40 49
12 46 45
45 44 26
44 45 43
42 43 45
42 45 46
40 47 50
47 52 51
9 54 53
7 55 54
49 40 50
50 47 51
10 53 52
48 53 55
55 53 54
61 9 62
64 16 67
16 66 67
