38 21 39
21 38 20
19 37 18
37 19 38
0 57 56
57 0 1
1 0 36
36 0 37
57 1 2
2 1 36
57 2 3
3 2 41
40 28 29
28 40 39
3 58 57
58 3 4
4 3 41
6 32 7
32 6 31
58 4 5
5 4 31
40 29 30
58 6 59
6 58 5
6 5 31
37 39 40
39 37 38
59 6 7
38 19 20
59 7 8
8 7 55
39 21 27
59 8 9
9 8 55
10 60 59
60 10 11
9 10 59
10 9 53
11 52 12
52 11 10
12 60 11
60 12 13
27 43 42
43 27 22
25 44 24
44 25 26
60 13 61
13 12 46
43 22 23
61 13 14
14 13 46
29 35 34
35 29 28
61 14 15
15 14 45
32 30 33
30 32 31
61 16 62
16 61 15
16 15 45
2 36 41
0 17 37
17 0 56
17 63 18
63 17 56
54 51 52
51 54 50
17 18 37
18 63 19
29 34 33
19 63 20
35 28 47
20 63 21
47 28 27
21 63 22
44 43 24
43 44 46
21 22 27
63 23 22
23 63 24
45 14 46
24 63 25
43 46 47
23 24 43
25 63 26
44 16 45
16 44 26
26 63 16
16 63 62
32 49 55
49 32 33
27 28 39
30 41 40
41 30 31
7 32 55
55 49 48
30 29 33
31 4 41
50 48 49
48 50 54
35 51 50
51 35 47
33 34 49
46 52 51
52 46 12
34 35 50
40 41 37
36 37 41
47 27 42
42 43 47
46 44 45
51 47 46
9 55 54
49 34 50
54 52 53
52 10 53
53 9 54
48 54 55
