-0.8000 -0.0205 -0.8557
-0.8923 0.1436 -0.8711
-0.9333 0.3231 -0.8871
-0.9333 0.5282 -0.8835
-0.8667 0.7026 -0.8138
-0.7128 0.9179 -0.6631
-0.5282 1.0513 -0.4768
-0.2974 1.1385 -0.2967
-0.0718 1.1846 -0.2114
0.2462 1.1487 -0.3033
0.5128 1.0615 -0.4839
0.7179 0.8872 -0.6684
0.8359 0.6821 -0.8159
0.8923 0.5282 -0.8807
0.9026 0.3436 -0.8824
0.8667 0.1744 -0.8666
0.8000 0.0205 -0.8501
-0.5590 -0.0308 -0.0738
-0.4872 -0.0308 0.0527
-0.4103 -0.0308 0.1346
-0.3487 -0.0308 0.1808
-0.2667 -0.0256 0.1918
0.1641 -0.0256 0.1986
0.2513 -0.0308 0.1886
0.3128 -0.0359 0.1452
0.3897 -0.0410 0.0664
0.4615 -0.0308 -0.0619
-0.0923 0.2359 0.1415
-0.1590 0.3333 0.2018
-0.2051 0.4308 0.2893
-0.2410 0.5077 0.2894
-0.2923 0.5846 0.0735
-0.2051 0.6205 0.1024
-0.1026 0.6410 0.1173
0.0103 0.6154 0.1016
0.1077 0.5846 0.0713
-0.5641 0.0974 -0.0058
-0.2923 0.0821 0.0834
-0.2308 0.2359 0.0888
-0.2974 0.3795 0.0487
-0.5846 0.3692 0.0764
-0.6256 0.2308 0.0570
0.1179 0.2410 0.0574
0.1897 0.0718 0.0997
0.4410 0.0718 0.0966
0.5077 0.2410 0.0058
0.4462 0.3795 0.0661
0.1692 0.3846 0.0849
-0.0103 0.8872 -0.1399
0.0154 0.8738 0.0106
0.0769 0.8718 0.1013
0.1282 0.8708 0.1112
0.1795 0.8646 0.1024
0.2359 0.8646 0.0080
0.2667 0.8769 -0.1486
0.2359 0.8942 -0.0193
0.1949 0.8942 0.0498
0.1436 0.8978 0.0609
0.0872 0.8964 0.0515
0.0256 0.8997 -0.0166
-0.0103 0.8923 -0.1429
0.0215 0.8905 0.0396
0.1333 0.8854 0.0642
0.2359 0.8797 0.0391
0.2718 0.8718 -0.1528
0.2359 0.9112 0.0391
0.1333 0.9199 0.0642
0.0191 0.9250 0.0396
