140.5092 179.0373 1.0
122.7468 210.4632 1.0
113.1824 258.2852 1.0
125.4794 303.3745 1.0
148.7073 340.2657 1.0
176.0341 368.9589 1.0
210.1926 383.9886 1.0
244.3512 397.6521 1.0
285.3415 404.4838 1.0
335.8961 399.0184 1.0
383.7181 383.9886 1.0
411.0449 366.2262 1.0
438.3718 338.8994 1.0
457.5005 303.3745 1.0
467.0649 267.8496 1.0
461.5996 225.4930 1.0
446.5698 187.2354 1.0
186.9648 172.2056 1.0
197.8956 172.2056 1.0
208.8263 172.2056 1.0
227.9551 172.2056 1.0
238.8858 172.2056 1.0
322.2327 173.5720 1.0
333.1634 173.5720 1.0
346.8268 173.5720 1.0
363.2229 173.5720 1.0
379.6190 173.5720 1.0
277.1434 225.4930 1.0
263.4800 241.8891 1.0
255.2819 263.7505 1.0
242.9848 277.4140 1.0
233.4205 293.8101 1.0
249.8166 302.0081 1.0
267.5790 299.2754 1.0
290.8068 300.6418 1.0
311.3019 293.8101 1.0
171.9351 221.3939 1.0
184.2321 196.7998 1.0
230.6878 188.6017 1.0
249.8166 217.2949 1.0
242.9848 243.2554 1.0
186.9648 254.1861 1.0
314.0346 221.3939 1.0
327.6981 198.1661 1.0
375.5200 192.7008 1.0
391.9161 224.1266 1.0
374.1537 248.7208 1.0
334.5298 255.5525 1.0
299.0049 347.0974 1.0
299.0049 334.8003 1.0
307.2029 336.1667 1.0
314.0346 336.1667 1.0
326.3317 334.8003 1.0
334.5298 334.8003 1.0
342.7278 342.9984 1.0
341.3615 355.2955 1.0
333.1634 358.0281 1.0
322.2327 358.0281 1.0
311.3019 358.0281 1.0
299.0049 356.6618 1.0
301.7376 347.0974 1.0
301.7376 338.8994 1.0
316.7673 334.8003 1.0
333.1634 333.4340 1.0
339.9951 341.6320 1.0
339.9951 352.5628 1.0
319.5000 355.2955 1.0
299.0049 356.6618 1.0
