37 21 27
21 37 20
36 0 17
0 36 41
0 65 66
65 0 1
1 0 41
19 36 18
36 19 37
65 1 57
1 2 57
2 1 41
65 57 56
2 3 57
3 2 40
57 3 58
3 4 58
4 3 40
36 38 39
38 36 37
4 5 58
5 4 40
18 36 17
58 5 59
5 6 59
6 5 31
37 19 20
59 6 61
6 7 61
7 6 32
29 39 28
39 29 30
7 8 61
8 7 55
37 27 38
59 61 60
8 9 61
9 8 55
63 9 10
9 63 62
61 9 62
10 9 53
29 34 33
34 29 28
63 10 11
11 10 52
48 33 49
33 48 32
63 11 12
12 11 46
47 27 42
27 47 28
63 12 13
13 12 46
44 24 25
24 44 43
63 13 14
14 13 46
24 43 23
14 64 63
64 14 15
15 14 45
33 30 29
30 33 32
64 15 16
16 15 45
31 40 39
40 31 5
17 0 66
49 34 50
34 49 33
18 17 66
11 52 51
19 18 66
20 66 21
66 20 19
66 24 23
24 66 67
47 34 28
34 47 35
44 25 26
46 11 51
21 22 27
22 21 66
66 23 22
45 42 43
42 45 46
22 23 43
16 45 44
16 26 67
26 16 44
25 24 67
25 67 26
27 22 43
27 28 38
41 39 40
39 41 36
32 48 7
32 6 31
30 31 39
31 30 32
7 48 55
54 49 50
49 54 55
35 51 50
51 35 46
43 44 45
14 46 45
34 35 50
2 41 40
28 39 38
42 27 43
42 46 47
46 35 47
9 55 54
48 49 55
54 50 53
51 53 50
53 51 52
52 10 53
53 9 54
64 16 67
