-0.8000 -0.0214 -0.8557
-0.8929 0.1429 -0.8711
-0.9429 0.3929 -0.8871
-0.8786 0.6286 -0.8835
-0.7571 0.8214 -0.8138
-0.6143 0.9714 -0.6631
-0.4357 1.0500 -0.4768
-0.2571 1.1214 -0.2967
-0.0429 1.1571 -0.2114
0.2214 1.1286 -0.3033
0.4714 1.0500 -0.4839
0.6143 0.9571 -0.6684
0.7571 0.8143 -0.8159
0.8571 0.6286 -0.8807
0.9071 0.4429 -0.8824
0.8786 0.2214 -0.8666
0.8000 0.0214 -0.8501
-0.5571 -0.0571 -0.0738
-0.5000 -0.0571 0.0527
-0.4429 -0.0571 0.1346
-0.3429 -0.0571 0.1808
-0.2857 -0.0571 0.1918
0.1500 -0.0500 0.1986
0.2071 -0.0500 0.1886
0.2786 -0.0500 0.1452
0.3643 -0.0500 0.0664
0.4500 -0.0500 -0.0619
-0.0857 0.2214 0.1415
-0.1571 0.3071 0.2018
-0.2000 0.4214 0.2893
-0.2643 0.4929 0.2894
-0.3143 0.5786 0.0735
-0.2286 0.6214 0.1024
-0.1357 0.6071 0.1173
-0.0143 0.6143 0.1016
0.0929 0.5786 0.0713
-0.6357 0.2000 -0.0058
-0.5714 0.0714 0.0834
-0.3286 0.0286 0.0888
-0.2286 0.1786 0.0487
-0.2643 0.3143 0.0764
-0.5571 0.3714 0.0570
0.1071 0.2000 0.0574
0.1786 0.0786 0.0997
0.4286 0.0500 0.0966
0.5143 0.2143 0.0058
0.4214 0.3429 0.0661
0.2143 0.3786 0.0849
0.0286 0.8571 -0.1399
0.0286 0.7929 0.0106
0.0714 0.8000 0.1013
0.1071 0.8000 0.1112
0.1714 0.7929 0.1024
0.2143 0.7929 0.0080
0.2571 0.8357 -0.1486
0.2500 0.9000 -0.0193
0.2071 0.9143 0.0498
0.1500 0.9143 0.0609
0.0929 0.9143 0.0515
0.0286 0.9071 -0.0166
0.0429 0.8571 -0.1429
0.0371 0.8514 0.0396
0.1271 0.8357 0.0642
0.2214 0.8257 0.0391
0.2429 0.8286 -0.1528
0.2300 0.8497 0.0391
0.1306 0.8614 0.0642
0.0337 0.8737 0.0396
