0.65552288
0.63678050
0.62862653
0.64315903
0.63372910
0.61890388
0.62397623
0.63225651
0.62276840
0.61606812
0.60994613
0.59415638
0.57933658
0.57880449
0.57279420
0.55681163
0.54415250
0.54421031
0.54469109
0.53460932
0.52676821
0.51771337
0.51614189
0.50657839
0.49831682
0.50071305
0.49976191
0.49744946
0.49278450
0.48789251
0.49431247
0.49403304
0.49034998
0.48957843
0.48897672
0.48429415
0.47947717
0.47652364
0.46989229
0.46300641
0.45609096
0.44222555
0.43763435
0.43181244
0.42883748
0.43032700
0.42795774
0.42087471
0.41099399
0.39662123
0.38498884
0.37260655
0.36552140
0.36029646
0.35710073
0.35460103
0.36138788
0.36911866
0.37582651
0.37259215
0.37013996
0.36100924
0.35209429
0.34485739
0.33580288
0.33268702
0.33167681
0.33432001
0.33587450
0.33933657
0.34646717
0.34023783
0.33086601
0.32771298
0.31800920
0.30575135
0.29174423
0.28115794
0.27007085
0.25495395
0.10022733
0.09965322
0.10150415
0.11404851
0.12577450
0.13116451
0.12822984
0.13202952
0.14068684
0.14249982
0.13781352
0.14019910
0.14439307
0.14568821
0.14430368
0.13664825
0.13330828
0.13154012
0.12966111
0.12728664
0.12545471
0.12669823
0.13040930
0.12942214
0.12872306
0.12809943
0.12596071
0.12490212
0.12304984
0.12145414
0.11861907
0.12138324
0.12450711
0.12149651
0.11914475
0.11796197
0.11895841
0.11975087
0.11911552
0.11636622
0.11348476
0.11241212
0.11087927
0.10833395
0.10831793
0.10890901
0.10890223
0.11123040
0.10861225
0.10379040
0.09746616
0.09425750
0.09648293
0.09891678
0.10103154
0.10408922
0.10865188
0.11413056
0.11868828
0.12004474
0.11806849
0.11876569
0.12061996
0.12216672
0.12443987
0.12697268
0.12815005
0.12898965
0.13065509
0.13337550
0.13575020
0.13334973
0.13184448
0.13169083
0.13136534
0.13119751
0.12992120
0.12879632
0.12835018
0.12796283
