4.302870631217956543e-01
4.329850077629089355e-01
5.685940980911254883e-01
5.712650418281555176e-01
6.301161646842956543e-01
6.297593116760253906e-01
6.523380279541015625e-01
6.487343311309814453e-01
6.416400671005249023e-01
6.339513063430786133e-01
6.163446903228759766e-01
6.080252528190612793e-01
6.113053560256958008e-01
6.048123836517333984e-01
6.089278459548950195e-01
6.014906764030456543e-01
5.976414084434509277e-01
5.889482498168945312e-01
5.757003426551818848e-01
5.676506757736206055e-01
5.516545772552490234e-01
5.436137318611145020e-01
5.272551178932189941e-01
5.188843607902526855e-01
5.056031346321105957e-01
4.976431727409362793e-01
4.863975346088409424e-01
4.780227541923522949e-01
4.690479040145874023e-01
4.604197740554809570e-01
4.530926346778869629e-01
4.446310400962829590e-01
4.401264190673828125e-01
4.318185448646545410e-01
4.301604032516479492e-01
4.217644035816192627e-01
4.207197725772857666e-01
4.119378030300140381e-01
4.148601889610290527e-01
4.060906171798706055e-01
4.129358530044555664e-01
4.041081666946411133e-01
4.112914502620697021e-01
4.020560979843139648e-01
4.086940586566925049e-01
3.990238606929779053e-01
4.066910147666931152e-01
3.972068428993225098e-01
4.043895006179809570e-01
3.952069580554962158e-01
4.002084434032440186e-01
3.908338546752929688e-01
3.964079022407531738e-01
3.870742022991180420e-01
3.927547931671142578e-01
3.838558495044708252e-01
3.864553868770599365e-01
3.778637051582336426e-01
3.793562650680541992e-01
3.705330789089202881e-01
3.737193644046783447e-01
3.646190464496612549e-01
3.693541288375854492e-01
3.598558902740478516e-01
3.668220937252044678e-01
3.571247458457946777e-01
3.639110624790191650e-01
3.543456792831420898e-01
3.600860536098480225e-01
3.506647646427154541e-01
3.583330810070037842e-01
3.490052819252014160e-01
3.579534888267517090e-01
3.482857644557952881e-01
3.566582798957824707e-01
3.469156026840209961e-01
3.542033731937408447e-01
3.448287844657897949e-01
3.512574136257171631e-01
3.421357572078704834e-01
3.466380536556243896e-01
3.379490375518798828e-01
3.394297361373901367e-01
3.309125900268554688e-01
3.304294943809509277e-01
3.222375214099884033e-01
3.211519122123718262e-01
3.134178817272186279e-01
3.142671883106231689e-01
3.066852688789367676e-01
3.093062937259674072e-01
3.013248741626739502e-01
3.049390017986297607e-01
2.966026067733764648e-01
3.011901974678039551e-01
2.925492823123931885e-01
2.982412874698638916e-01
2.896260321140289307e-01
2.950778901576995850e-01
2.868031263351440430e-01
2.931855022907257080e-01
2.848391234874725342e-01
2.913966178894042969e-01
2.835488021373748779e-01
2.894437909126281738e-01
2.821984887123107910e-01
2.880464494228363037e-01
2.806955873966217041e-01
2.859749197959899902e-01
2.783367037773132324e-01
2.843734025955200195e-01
2.765018045902252197e-01
2.823626101016998291e-01
2.746102809906005859e-01
2.805898487567901611e-01
2.726437747478485107e-01
2.776762247085571289e-01
2.701420783996582031e-01
2.747407853603363037e-01
2.677863836288452148e-01
2.728692889213562012e-01
2.655031979084014893e-01
2.702272832393646240e-01
2.626596391201019287e-01
2.663676142692565918e-01
2.590825855731964111e-01
2.614631354808807373e-01
2.541282474994659424e-01
2.577168941497802734e-01
2.502178847789764404e-01
2.546462118625640869e-01
2.470743060111999512e-01
2.527989447116851807e-01
2.449320256710052490e-01
2.507088482379913330e-01
2.428641468286514282e-01
2.469285130500793457e-01
2.396548092365264893e-01
2.436506450176239014e-01
2.364525347948074341e-01
2.407835870981216431e-01
2.338835895061492920e-01
2.381655573844909668e-01
2.312569320201873779e-01
2.347238361835479736e-01
2.280696630477905273e-01
2.306185960769653320e-01
2.241190969944000244e-01
2.269364893436431885e-01
2.204524576663970947e-01
2.231295853853225708e-01
2.168890684843063354e-01
2.198849171400070190e-01
2.135286778211593628e-01
2.166685312986373901e-01
2.102234810590744019e-01
2.130802124738693237e-01
2.070899307727813721e-01
2.110152840614318848e-01
2.047983705997467041e-01
2.087054103612899780e-01
2.025521397590637207e-01
2.066276222467422485e-01
2.002108842134475708e-01
2.043113410472869873e-01
1.979889869689941406e-01
2.009201496839523315e-01
1.945998668670654297e-01
1.972880959510803223e-01
1.908641606569290161e-01
1.952197849750518799e-01
1.886671930551528931e-01
1.941741406917572021e-01
1.879018098115921021e-01
1.913273483514785767e-01
1.856006085872650146e-01
1.887409985065460205e-01
1.829372644424438477e-01
1.873194128274917603e-01
1.814936250448226929e-01
1.857633590698242188e-01
1.797549873590469360e-01
1.832359880208969116e-01
1.772834807634353638e-01
1.794296205043792725e-01
1.735989600419998169e-01
1.761844903230667114e-01
1.703535616397857666e-01
1.742460131645202637e-01
1.684966385364532471e-01
1.733116656541824341e-01
1.675050109624862671e-01
1.728866845369338989e-01
1.670183092355728149e-01
1.709302812814712524e-01
1.653109490871429443e-01
1.688426733016967773e-01
1.631140708923339844e-01
1.682002097368240356e-01
1.623237133026123047e-01
1.688488274812698364e-01
1.632665693759918213e-01
1.688253283500671387e-01
1.630404591560363770e-01
1.674817353487014771e-01
1.611120253801345825e-01
1.662845909595489502e-01
1.599376499652862549e-01
1.648005843162536621e-01
1.587333977222442627e-01
1.632812023162841797e-01
1.572237014770507812e-01
1.621258407831192017e-01
1.560851633548736572e-01
1.604795604944229126e-01
1.543021053075790405e-01
1.589092165231704712e-01
1.523593068122863770e-01
1.565810590982437134e-01
1.501773148775100708e-01
1.543460935354232788e-01
1.478193253278732300e-01
1.507386267185211182e-01
1.444239467382431030e-01
1.475356221199035645e-01
1.411407440900802612e-01
1.435377895832061768e-01
1.373259872198104858e-01
1.391184777021408081e-01
1.334686428308486938e-01
1.351947039365768433e-01
1.294825524091720581e-01
1.301932930946350098e-01
1.244819760322570801e-01
1.253503561019897461e-01
1.198811456561088562e-01
1.200198605656623840e-01
1.141593977808952332e-01
1.131606400012969971e-01
1.072530299425125122e-01
1.049047932028770447e-01
9.871529787778854370e-02
9.385750442743301392e-02
8.723104000091552734e-02
8.409243822097778320e-02
7.743817567825317383e-02
7.468298077583312988e-02
6.841873377561569214e-02
6.661880016326904297e-02
6.046786904335021973e-02
5.949334800243377686e-02
5.333671346306800842e-02
5.112767219543457031e-02
4.521905258297920227e-02
4.352581128478050232e-02
3.741116076707839966e-02
-1.416901010088622570e-03
-6.883418187499046326e-03
1.741380542516708374e-01
1.744701862335205078e-01
1.488099545240402222e-01
1.485277265310287476e-01
1.531689614057540894e-01
1.511479616165161133e-01
1.604339182376861572e-01
1.592715978622436523e-01
1.672322452068328857e-01
1.651556342840194702e-01
1.674363464117050171e-01
1.651960164308547974e-01
1.759075820446014404e-01
1.747871339321136475e-01
1.818635612726211548e-01
1.805393248796463013e-01
1.841373443603515625e-01
1.822661310434341431e-01
1.876604259014129639e-01
1.851135343313217163e-01
1.889493316411972046e-01
1.861916482448577881e-01
1.878747344017028809e-01
1.846561878919601440e-01
1.839650720357894897e-01
1.810104697942733765e-01
1.798687130212783813e-01
1.764082759618759155e-01
1.764876842498779297e-01
1.733033657073974609e-01
1.750180870294570923e-01
1.711488813161849976e-01
1.743437200784683228e-01
1.705033630132675171e-01
1.740618795156478882e-01
1.702489852905273438e-01
1.742689162492752075e-01
1.706060320138931274e-01
1.746693402528762817e-01
1.712474673986434937e-01
1.743968427181243896e-01
1.713177412748336792e-01
1.740152090787887573e-01
1.708085983991622925e-01
1.734201610088348389e-01
1.701134592294692993e-01
1.724670231342315674e-01
1.692045778036117554e-01
1.722743511199951172e-01
1.690131425857543945e-01
1.727514117956161499e-01
1.692989021539688110e-01
1.722173094749450684e-01
1.690336316823959351e-01
1.719439625740051270e-01
1.694768518209457397e-01
1.713540256023406982e-01
1.690345853567123413e-01
1.705982387065887451e-01
1.676244139671325684e-01
1.701680570840835571e-01
1.671418845653533936e-01
1.697881966829299927e-01
1.667105406522750854e-01
1.685932874679565430e-01
1.656097918748855591e-01
1.676881611347198486e-01
1.646179109811782837e-01
1.676190495491027832e-01
1.648135930299758911e-01
1.676189154386520386e-01
1.649064421653747559e-01
1.674782484769821167e-01
1.649503707885742188e-01
1.680356711149215698e-01
1.660433262586593628e-01
1.686387509107589722e-01
1.668708175420761108e-01
1.695240885019302368e-01
1.675783991813659668e-01
1.705005317926406860e-01
1.682148277759552002e-01
1.712000221014022827e-01
1.688868403434753418e-01
1.712892949581146240e-01
1.691593229770660400e-01
1.712662726640701294e-01
1.689164787530899048e-01
1.702962368726730347e-01
1.678230166435241699e-01
1.691144406795501709e-01
1.664085090160369873e-01
1.678532510995864868e-01
1.648552417755126953e-01
1.665741652250289917e-01
1.637268662452697754e-01
1.656013578176498413e-01
1.627896130084991455e-01
1.657320261001586914e-01
1.628660857677459717e-01
1.658926606178283691e-01
1.632345616817474365e-01
1.657857149839401245e-01
1.633633524179458618e-01
1.657294332981109619e-01
1.630016267299652100e-01
1.658105999231338501e-01
1.629222184419631958e-01
1.676902323961257935e-01
1.648019403219223022e-01
1.683911085128784180e-01
1.658893674612045288e-01
1.690624803304672241e-01
1.667239069938659668e-01
1.684066355228424072e-01
1.661660075187683105e-01
1.690212935209274292e-01
1.669714450836181641e-01
1.697995066642761230e-01
1.677403301000595093e-01
1.704378724098205566e-01
1.685023754835128784e-01
1.705895215272903442e-01
1.686036586761474609e-01
1.705590933561325073e-01
1.683548986911773682e-01
1.709799766540527344e-01
1.685460507869720459e-01
1.713512688875198364e-01
1.692624092102050781e-01
1.715231090784072876e-01
1.693207770586013794e-01
1.723637431859970093e-01
1.701082736253738403e-01
1.726115494966506958e-01
1.707085669040679932e-01
1.733771860599517822e-01
1.714404225349426270e-01
1.737480461597442627e-01
1.719624549150466919e-01
1.743068546056747437e-01
1.723527163267135620e-01
1.742808073759078979e-01
1.723789125680923462e-01
1.745792776346206665e-01
1.728020906448364258e-01
1.754607260227203369e-01
1.737925261259078979e-01
1.755764186382293701e-01
1.737650483846664429e-01
1.751600205898284912e-01
1.732143461704254150e-01
1.749082654714584351e-01
1.726772040128707886e-01
1.740257441997528076e-01
1.722028255462646484e-01
1.741070449352264404e-01
1.721841394901275635e-01
1.735565811395645142e-01
1.719312518835067749e-01
1.733075380325317383e-01
1.716907322406768799e-01
1.727186888456344604e-01
1.710999459028244019e-01
1.722015738487243652e-01
1.706579923629760742e-01
1.717225611209869385e-01
1.703684926033020020e-01
1.716670393943786621e-01
1.706496477127075195e-01
1.713628023862838745e-01
1.705816537141799927e-01
1.708029508590698242e-01
1.701831668615341187e-01
1.705559492111206055e-01
1.701376140117645264e-01
1.716326177120208740e-01
1.713687330484390259e-01
1.728234887123107910e-01
1.724312454462051392e-01
1.731097251176834106e-01
1.728188097476959229e-01
1.737402975559234619e-01
1.734578460454940796e-01
1.752629131078720093e-01
1.751931160688400269e-01
1.781849116086959839e-01
1.783810108900070190e-01
1.813419759273529053e-01
1.816955804824829102e-01
1.828004717826843262e-01
1.833159476518630981e-01
1.823456883430480957e-01
1.827383339405059814e-01
1.818209588527679443e-01
1.819853931665420532e-01
1.822193711996078491e-01
1.821866631507873535e-01
1.818389296531677246e-01
1.819194853305816650e-01
1.808823943138122559e-01
1.809842288494110107e-01
1.812085658311843872e-01
1.815614849328994751e-01
1.819383203983306885e-01
1.821983605623245239e-01
1.814371496438980103e-01
1.816721558570861816e-01
1.806734800338745117e-01
1.806735694408416748e-01
1.811009347438812256e-01
1.807713657617568970e-01
1.807944923639297485e-01
1.809404194355010986e-01
1.805291920900344849e-01
1.806485205888748169e-01
1.807752102613449097e-01
1.808416098356246948e-01
1.809067279100418091e-01
1.809429526329040527e-01
1.809979379177093506e-01
1.810966730117797852e-01
1.815706491470336914e-01
1.816397607326507568e-01
1.817078888416290283e-01
1.814450919628143311e-01
1.821802556514739990e-01
1.821412742137908936e-01
1.828713864088058472e-01
1.827526539564132690e-01
1.827601045370101929e-01
1.826141029596328735e-01
1.824203580617904663e-01
1.824553757905960083e-01
1.822753250598907471e-01
1.825555264949798584e-01
1.821830570697784424e-01
1.826389878988265991e-01
1.821144819259643555e-01
1.820396333932876587e-01
1.817731708288192749e-01
1.816450804471969604e-01
1.820534467697143555e-01
1.820371001958847046e-01
1.814373880624771118e-01
1.812399029731750488e-01
1.806672364473342896e-01
1.803853213787078857e-01
1.794976443052291870e-01
1.790982037782669067e-01
1.780932098627090454e-01
1.776514947414398193e-01
1.781182736158370972e-01
1.773777008056640625e-01
1.789437383413314819e-01
1.783492118120193481e-01
2.088857740163803101e-01
2.079844772815704346e-01
