-0.8099 -0.0546 -0.8557
-0.7941 0.1803 -0.8711
-0.7398 0.3902 -0.8871
-0.6977 0.5811 -0.8835
-0.6397 0.7837 -0.8138
-0.5470 0.9594 -0.6631
-0.4469 1.0912 -0.4768
-0.2816 1.2157 -0.2967
-0.0192 1.2938 -0.2114
0.2193 1.2169 -0.3033
0.3932 1.1040 -0.4839
0.5110 0.9716 -0.6684
0.6153 0.7837 -0.8159
0.6775 0.5665 -0.8807
0.7257 0.3786 -0.8824
0.7855 0.1754 -0.8666
0.8185 -0.0448 -0.8501
-0.6568 -0.2730 -0.0738
-0.5659 -0.3523 0.0527
-0.4359 -0.3847 0.1346
-0.3231 -0.3505 0.1808
-0.2139 -0.2950 0.1918
0.2425 -0.2816 0.1986
0.3444 -0.3121 0.1886
0.4768 -0.3334 0.1452
0.5891 -0.3145 0.0664
0.6885 -0.2224 -0.0619
0.0125 0.0149 0.1415
0.0040 0.1815 0.2018
0.0040 0.3225 0.2893
0.0040 0.4317 0.2894
-0.1455 0.5134 0.0735
-0.0833 0.5342 0.1024
0.0040 0.5390 0.1173
0.0857 0.5378 0.1016
0.1449 0.5146 0.0713
-0.5000 -0.0125 -0.0058
-0.4274 -0.0436 0.0834
-0.3267 -0.0436 0.0888
-0.2322 0.0149 0.0487
-0.3121 0.0406 0.0764
-0.4274 0.0430 0.0570
0.2291 0.0162 0.0574
0.3359 -0.0125 0.0997
0.4359 -0.0125 0.0966
0.5000 0.0125 0.0058
0.4231 0.0455 0.0661
0.3164 0.0381 0.0849
-0.3292 0.7672 -0.1399
-0.2236 0.7294 0.0106
-0.0833 0.6800 0.1013
0.0040 0.7087 0.1112
0.0735 0.6775 0.1024
0.2230 0.7331 0.0080
0.3371 0.7648 -0.1486
0.2236 0.8382 -0.0193
0.1138 0.8795 0.0498
-0.0129 0.8973 0.0609
-0.1297 0.8795 0.0515
-0.2291 0.8382 -0.0166
-0.3194 0.7672 -0.1429
-0.1126 0.7672 0.0396
0.0040 0.7674 0.0642
0.0979 0.7672 0.0391
0.3127 0.7648 -0.1528
0.0979 0.7672 0.0391
0.0040 0.7674 0.0642
-0.1126 0.7672 0.0396